Account Length,Int'l Plan,VMail Plan,VMail Message,Day Mins,Day Calls,Day Charge,Eve Mins,Eve Calls,Eve Charge,Night Mins,Night Calls,Night Charge,Intl Mins,Intl Calls,Intl Charge,CustServ Calls,Churn?
107,no,yes,26,161.6,123,27.47,195.5,103,16.62,254.4,103,11.45,13.7,3,3.7,1,0
137,no,no,0,243.4,114,41.38,121.2,110,10.3,162.6,104,7.32,12.2,5,3.29,0,0
118,yes,no,0,223.4,98,37.98,220.6,101,18.75,203.9,118,9.18,6.3,6,1.7,0,0
147,yes,no,0,157,79,26.69,103.1,94,8.76,211.8,96,9.53,7.1,6,1.92,0,0
117,no,no,0,184.5,97,31.37,351.6,80,29.89,215.8,90,9.71,8.7,4,2.35,1,0
141,yes,yes,37,258.6,84,43.96,222,111,18.87,326.4,97,14.69,11.2,5,3.02,0,0
161,no,no,0,332.9,67,56.59,317.8,97,27.01,160.6,128,7.23,5.4,9,1.46,4,1
111,no,no,0,110.4,103,18.77,137.3,102,11.67,189.6,105,8.53,7.7,6,2.08,2,0
132,no,no,0,81.1,86,13.79,245.2,72,20.84,237,115,10.67,10.3,2,2.78,0,0
20,no,no,0,190,109,32.3,258.2,84,21.95,181.5,102,8.17,6.3,6,1.7,0,0
142,no,no,0,84.8,95,14.42,136.7,63,11.62,250.5,148,11.27,14.2,6,3.83,2,0
172,no,no,0,212,121,36.04,31.2,115,2.65,293.3,78,13.2,12.6,10,3.4,3,0
12,no,no,0,249.6,118,42.43,252.4,119,21.45,280.2,90,12.61,11.8,3,3.19,1,1
136,yes,yes,33,203.9,106,34.66,187.6,99,15.95,101.7,107,4.58,10.5,6,2.84,3,0
98,no,no,0,126.3,102,21.47,166.8,85,14.18,187.8,135,8.45,9.4,2,2.54,3,0
135,yes,yes,41,173.1,85,29.43,203.9,107,17.33,122.2,78,5.5,14.6,15,3.94,0,1
59,no,yes,28,120.9,97,20.55,213,92,18.11,163.1,116,7.34,8.5,5,2.3,2,0
65,no,no,0,211.3,120,35.92,162.6,122,13.82,134.7,118,6.06,13.2,5,3.56,3,0
142,no,no,0,187,133,31.79,134.6,74,11.44,242.2,127,10.9,7.4,5,2,2,0
97,no,yes,24,133.2,135,22.64,217.2,58,18.46,70.6,79,3.18,11,3,2.97,1,0
60,no,no,0,220.6,57,37.5,211.1,115,17.94,249,129,11.21,6.8,3,1.84,1,0
174,no,no,0,192.1,97,32.66,169.9,94,14.44,166.6,54,7.5,11.4,4,3.08,1,0
116,no,yes,34,268.6,83,45.66,178.2,142,15.15,166.3,106,7.48,11.6,3,3.13,2,0
149,no,yes,28,180.7,92,30.72,187.8,64,15.96,265.5,53,11.95,12.6,3,3.4,3,0
40,no,yes,41,148.1,74,25.18,169.5,88,14.41,214.1,102,9.63,6.2,5,1.67,2,0
43,yes,no,0,251.5,105,42.76,212.8,104,18.09,157.8,67,7.1,9.3,4,2.51,0,0
113,yes,no,0,125.2,93,21.28,206.4,119,17.54,129.3,139,5.82,8.3,8,2.24,0,0
126,no,no,0,211.6,70,35.97,216.9,80,18.44,153.5,60,6.91,7.8,1,2.11,1,0
138,no,no,0,241.8,93,41.11,170.5,83,14.49,295.3,104,13.29,11.8,7,3.19,3,0
147,no,no,0,248.6,83,42.26,148.9,85,12.66,172.5,109,7.76,8,4,2.16,3,0
85,no,no,0,235.8,109,40.09,157.2,94,13.36,188.2,99,8.47,12,3,3.24,0,0
50,no,no,0,157.1,90,26.71,223.3,72,18.98,181.4,111,8.16,6.1,2,1.65,1,0
82,no,no,0,300.3,109,51.05,181,100,15.39,270.1,73,12.15,11.7,4,3.16,0,1
144,no,no,0,61.6,117,10.47,77.1,85,6.55,173,99,7.79,8.2,7,2.21,4,1
46,no,no,0,214.1,72,36.4,164.4,104,13.97,177.5,113,7.99,8.2,3,2.21,2,0
55,no,yes,25,165.6,123,28.15,136.1,95,11.57,175.7,90,7.91,11,2,2.97,3,0
106,no,no,0,210.6,96,35.8,249.2,85,21.18,191.4,88,8.61,12.4,1,3.35,2,1
111,no,no,0,214.3,118,36.43,208.5,76,17.72,182.4,98,8.21,12,2,3.24,1,0
74,no,yes,35,154.1,104,26.2,123.4,84,10.49,202.1,57,9.09,10.9,9,2.94,2,0
80,no,no,0,124.3,100,21.13,173,107,14.71,253.2,62,11.39,7.9,9,2.13,1,0
104,no,no,0,278.4,106,47.33,81,113,6.89,163.2,137,7.34,9.8,5,2.65,1,0
73,no,no,0,160.1,110,27.22,213.3,72,18.13,174.1,72,7.83,13,4,3.51,0,0
99,no,no,0,198.2,87,33.69,207.3,76,17.62,190.9,113,8.59,8.7,3,2.35,4,0
95,no,no,0,135,99,22.95,183.6,106,15.61,245.3,102,11.04,12.5,9,3.38,1,0
122,no,no,0,170.5,94,28.99,173.7,109,14.76,248.6,75,11.19,11.3,2,3.05,1,0
120,no,no,0,165,100,28.05,317.2,83,26.96,119.2,86,5.36,8.3,8,2.24,1,0
103,no,no,0,185,117,31.45,223.3,94,18.98,222.8,91,10.03,12.6,2,3.4,2,0
64,no,no,0,162.6,83,27.64,152.3,109,12.95,57.5,122,2.59,14.2,3,3.83,1,0
41,no,yes,22,213.8,102,36.35,141.8,86,12.05,142.2,123,6.4,7.2,3,1.94,0,0
121,no,no,0,190.7,103,32.42,183.5,117,15.6,220.8,103,9.94,9.8,4,2.65,3,0
85,no,no,0,201.4,52,34.24,229.4,104,19.5,252.5,106,11.36,12,3,3.24,1,0
162,no,no,0,70.7,108,12.02,157.5,87,13.39,154.8,82,6.97,9.1,3,2.46,4,1
61,no,yes,27,187.5,124,31.88,146.6,103,12.46,225.7,129,10.16,6.4,6,1.73,4,1
131,no,yes,36,214.2,115,36.41,161.7,117,13.74,264.7,102,11.91,9.5,4,2.57,3,0
75,no,no,0,166.3,125,28.27,158.2,86,13.45,256.7,80,11.55,6.1,5,1.65,1,0
82,no,no,0,200.3,96,34.05,201.2,102,17.1,206.1,60,9.27,7.1,1,1.92,4,0
91,yes,no,0,129.9,112,22.08,173.3,83,14.73,247.2,130,11.12,11.2,3,3.02,3,0
127,no,yes,36,183.2,117,31.14,126.8,76,10.78,263.3,71,11.85,11.2,8,3.02,1,0
110,no,no,0,148.5,115,25.25,276.4,84,23.49,193.6,112,8.71,12.4,3,3.35,1,0
120,no,yes,39,200.3,68,34.05,220.4,97,18.73,253.8,116,11.42,10.5,4,2.84,0,0
157,no,yes,28,192.6,107,32.74,195.5,74,16.62,109.7,139,4.94,6.8,5,1.84,3,0
117,yes,no,0,167.1,86,28.41,177.5,87,15.09,249.4,132,11.22,14.1,7,3.81,2,1
140,no,no,0,231.9,101,39.42,160.1,94,13.61,110.4,98,4.97,14.3,6,3.86,3,0
117,no,no,0,102.8,119,17.48,206.7,91,17.57,299,105,13.46,10.1,7,2.73,1,0
96,no,no,0,260.4,115,44.27,146,46,12.41,269.5,87,12.13,11.5,4,3.11,5,0
83,no,no,0,337.4,120,57.36,227.4,116,19.33,153.9,114,6.93,15.8,7,4.27,0,1
139,no,yes,23,157.6,129,26.79,247,96,21,259.2,112,11.66,13.7,2,3.7,0,0
6,no,no,0,183.6,117,31.21,256.7,72,21.82,178.6,79,8.04,10.2,2,2.75,1,0
87,no,no,0,136.3,97,23.17,172.2,108,14.64,137.5,101,6.19,7.1,5,1.92,0,0
141,no,no,0,217.1,110,36.91,241.5,111,20.53,253.5,103,11.41,12,6,3.24,0,0
141,no,yes,36,187.5,99,31.88,241.4,116,20.52,229.5,105,10.33,10.5,5,2.84,3,0
146,no,no,0,206.3,151,35.07,148.6,89,12.63,167.2,91,7.52,6.1,3,1.65,1,0
185,no,yes,31,189.8,126,32.27,163.3,133,13.88,264.8,126,11.92,7.5,3,2.03,1,0
148,no,no,0,202,102,34.34,243.2,128,20.67,261.3,90,11.76,10.9,3,2.94,1,0
94,no,yes,38,170.1,124,28.92,193.3,116,16.43,105.9,73,4.77,12.8,4,3.46,1,0
62,no,no,0,147.1,91,25.01,190.4,107,16.18,195.2,115,8.78,12.2,3,3.29,0,0
70,no,no,0,232.1,122,39.46,292.3,112,24.85,201.2,112,9.05,0,0,0,3,0
94,yes,yes,23,197.1,125,33.51,214.5,136,18.23,282.2,103,12.7,9.5,5,2.57,4,0
67,no,yes,36,115.6,111,19.65,237.7,94,20.2,169.9,103,7.65,9.9,12,2.67,2,0
19,no,no,0,186.1,98,31.64,254.3,57,21.62,214,127,9.63,14.6,7,3.94,2,0
107,no,no,0,133.8,85,22.75,180.5,94,15.34,112.2,115,5.05,8.9,4,2.4,0,0
94,no,no,0,137.5,118,23.38,203.2,88,17.27,150,131,6.75,13.4,2,3.62,0,0
118,no,yes,23,289.5,52,49.22,166.6,111,14.16,119.1,88,5.36,9.5,4,2.57,1,0
208,no,no,0,326.5,67,55.51,176.3,113,14.99,181.7,102,8.18,10.7,6,2.89,2,1
53,no,yes,24,145.7,146,24.77,220.5,136,18.74,249.9,96,11.25,13.1,5,3.54,3,0
62,no,no,0,182.3,101,30.99,328.2,93,27.9,245,131,11.03,11.2,1,3.02,2,0
97,no,no,0,218,86,37.06,184,94,15.64,240.5,110,10.82,6.4,8,1.73,3,0
157,no,no,0,152.7,105,25.96,257.5,80,21.89,198.1,93,8.91,9.4,4,2.54,1,0
38,no,no,0,194.4,94,33.05,186.7,95,15.87,223.3,90,10.05,10.8,5,2.92,3,0
106,no,no,0,213.9,95,36.36,151.9,70,12.91,260.1,124,11.7,12.2,5,3.29,3,0
93,no,no,0,151.4,89,25.74,186.4,76,15.84,172.5,120,7.76,10.9,3,2.94,0,0
127,no,yes,22,166,114,28.22,174.5,103,14.83,244.9,68,11.02,10.2,6,2.75,1,0
88,no,no,0,65.4,97,11.12,168.2,76,14.3,236,113,10.62,13.8,1,3.73,2,0
123,no,no,0,206.9,85,35.17,244.7,78,20.8,221.5,136,9.97,7.7,2,2.08,3,0
104,no,yes,23,280.2,136,47.63,220.5,92,18.74,136.9,102,6.16,13.3,3,3.59,4,0
63,yes,yes,36,199,110,33.83,291.3,111,24.76,197.6,92,8.89,11,6,2.97,1,0
53,no,no,0,168.8,97,28.7,220.3,87,18.73,154.3,113,6.94,10.9,2,2.94,0,0
139,no,no,0,134.4,106,22.85,211.3,98,17.96,193.6,125,8.71,10.2,2,2.75,5,1
110,no,no,0,74.5,117,12.67,200.8,98,17.07,192.2,101,8.65,9.8,7,2.65,3,0
73,no,no,0,192.2,86,32.67,168.6,116,14.33,139.8,87,6.29,9.4,6,2.54,1,0
108,no,no,0,198.5,99,33.75,267.8,60,22.76,354.9,75,15.97,9.4,3,2.54,0,1
107,no,yes,37,60,102,10.2,102.2,80,8.69,261.8,106,11.78,11.1,3,3,0,0
51,no,no,0,214.8,94,36.52,149.7,58,12.72,283.4,66,12.75,10.2,5,2.75,0,0
94,no,no,0,181.8,85,30.91,202.4,98,17.2,245.9,97,11.07,9.2,2,2.48,4,0
119,no,yes,23,154,114,26.18,278,137,23.63,228.4,112,10.28,11.8,4,3.19,2,0
106,no,no,0,207.9,91,35.34,172,109,14.62,191.8,143,8.63,14.4,7,3.89,4,0
82,no,no,0,207,90,35.19,232.9,83,19.8,172.4,108,7.76,9.1,8,2.46,3,0
86,no,yes,41,119,101,20.23,230,134,19.55,236.9,58,10.66,9.5,3,2.57,0,0
106,no,yes,32,165.9,126,28.2,216.5,93,18.4,173.1,86,7.79,14.1,8,3.81,4,0
114,no,no,0,84.7,118,14.4,249.9,86,21.24,193.4,95,8.7,14.5,8,3.92,1,0
151,no,no,0,134.5,88,22.87,143.1,112,12.16,223.9,61,10.08,15.4,1,4.16,1,0
78,no,no,0,168.3,110,28.61,221.2,73,18.8,241,136,10.85,12.5,1,3.38,1,0
155,no,no,0,262.4,55,44.61,194.6,113,16.54,146.5,85,6.59,8.3,6,2.24,2,0
64,no,yes,48,94.4,104,16.05,136.2,101,11.58,147.4,89,6.63,4.5,4,1.22,0,0
101,no,no,0,206.6,105,35.12,224.9,117,19.12,249.9,100,11.25,14.6,3,3.94,0,0
117,no,no,0,134.7,121,22.9,180,83,15.3,200.9,104,9.04,7.7,3,2.08,1,0
139,no,no,0,192.8,104,32.78,234.4,96,19.92,203.2,101,9.14,13,3,3.51,3,0
83,no,no,0,221.4,103,37.64,231.8,103,19.7,122.5,100,5.51,9.8,5,2.65,3,0
144,no,yes,48,189.8,96,32.27,123.4,67,10.49,214.2,106,9.64,6.5,2,1.76,2,1
146,yes,no,0,204.4,135,34.75,219.1,90,18.62,222.7,114,10.02,10.5,6,2.84,3,0
81,no,no,0,198.4,93,33.73,210.9,108,17.93,193.3,71,8.7,10.4,6,2.81,2,0
48,no,yes,37,211.7,115,35.99,159.9,84,13.59,144.1,80,6.48,12.2,1,3.29,1,0
71,no,no,0,197.9,108,33.64,181.5,109,15.43,281.4,56,12.66,6.7,5,1.81,3,0
137,no,no,0,206.4,122,35.09,128,102,10.88,194.5,84,8.75,8.8,5,2.38,2,0
167,no,no,0,207.6,88,35.29,132.4,63,11.25,255.2,98,11.48,14.1,5,3.81,0,0
89,no,no,0,303.9,95,51.66,260.9,114,22.18,312.1,89,14.04,5.3,3,1.43,1,1
199,no,yes,34,230.6,121,39.2,219.4,99,18.65,299.3,94,13.47,8,2,2.16,0,0
96,no,yes,37,172.7,93,29.36,120.1,116,10.21,216.1,86,9.72,10.3,5,2.78,5,1
113,no,no,0,272.1,111,46.26,268.5,118,22.82,213.8,105,9.62,8.5,10,2.3,1,1
122,no,no,0,296.4,99,50.39,214.8,89,18.26,133.9,107,6.03,11.4,3,3.08,4,1
209,no,no,0,227.2,128,38.62,258.4,92,21.96,183.5,74,8.26,8.9,4,2.4,3,0
62,no,no,0,248.7,109,42.28,220,118,18.7,265.7,78,11.96,13.2,2,3.56,1,1
73,no,no,0,94.1,136,16,280.3,122,23.83,205,77,9.23,9.8,4,2.65,0,0
121,no,yes,35,68.7,95,11.68,209.2,69,17.78,197.4,42,8.88,11.4,4,3.08,1,0
158,no,no,0,205.2,97,34.88,240.6,77,20.45,79.7,108,3.59,14.4,12,3.89,0,0
116,no,no,0,192.1,98,32.66,312.9,135,26.6,130.2,94,5.86,7.9,2,2.13,3,0
86,no,no,0,128.3,121,21.81,197.1,93,16.75,138.4,152,6.23,12.2,5,3.29,7,1
108,no,no,0,169.6,99,28.83,264.1,87,22.45,206.3,78,9.28,9.3,4,2.51,0,0
55,no,no,0,194.1,121,33,176.6,110,15.01,302.8,136,13.63,7,7,1.89,2,0
44,no,yes,34,221.8,105,37.71,161.7,85,13.74,227.7,62,10.25,14,7,3.78,0,0
98,no,yes,21,64.6,98,10.98,176.1,86,14.97,244.8,84,11.02,0,0,0,2,0
64,no,yes,37,154.6,92,26.28,83.4,103,7.09,165.9,99,7.47,13.3,3,3.59,1,0
81,no,yes,33,161.6,117,27.47,123,90,10.46,261.3,101,11.76,12.2,5,3.29,1,0
83,no,yes,41,155.9,122,26.5,162.3,107,13.8,127.6,105,5.74,13.1,5,3.54,3,0
59,no,no,0,182.5,104,31.03,204.7,95,17.4,229.9,100,10.35,11.3,8,3.05,4,0
117,no,no,0,181.5,95,30.86,205.1,88,17.43,204,82,9.18,14.7,9,3.97,2,0
64,yes,no,0,236.2,77,40.15,218.6,85,18.58,194.1,97,8.73,13.2,2,3.56,2,1
124,yes,no,0,244.6,89,41.58,188.8,80,16.05,206,114,9.27,11.3,4,3.05,1,0
122,no,yes,23,134.2,85,22.81,227.3,132,19.32,122.4,96,5.51,8.5,2,2.3,2,0
90,no,yes,29,150.1,109,25.52,264.7,103,22.5,178.4,97,8.03,5.8,4,1.57,1,0
77,no,no,0,230,87,39.1,103.2,138,8.77,309.6,136,13.93,11.3,3,3.05,2,0
112,no,no,0,193.3,96,32.86,264.1,123,22.45,128.6,115,5.79,9.1,3,2.46,4,0
45,no,no,0,78.2,127,13.29,253.4,108,21.54,255,100,11.48,18,3,4.86,1,0
132,no,no,0,83.4,110,14.18,232.2,137,19.74,146.7,114,6.6,7.6,5,2.05,1,0
135,no,no,0,201.8,81,34.31,225,114,19.13,204.4,82,9.2,10.3,6,2.78,1,0
56,no,no,0,197,110,33.49,222.8,102,18.94,225.3,91,10.14,10.6,6,2.86,2,0
32,no,no,0,164.8,98,28.02,229.9,96,19.54,167.3,108,7.53,14.8,2,4,2,0
87,no,yes,21,214,113,36.38,180,114,15.3,134.5,82,6.05,10.6,5,2.86,0,0
138,no,no,0,170.5,87,28.99,118.2,116,10.05,187.9,111,8.46,11.2,7,3.02,2,0
127,no,no,0,221,100,37.57,160.7,113,13.66,233.1,96,10.49,6.8,4,1.84,2,0
97,no,no,0,151.6,107,25.77,155.4,96,13.21,240,112,10.8,14.7,4,3.97,1,0
98,no,yes,22,278.3,89,47.31,93.4,143,7.94,107.6,42,4.84,9.7,5,2.62,0,0
84,no,no,0,138.6,102,23.56,199,93,16.92,204.1,137,9.18,7.8,4,2.11,0,0
94,no,no,0,234.4,103,39.85,279.3,109,23.74,234.2,121,10.54,2,2,0.54,1,1
84,no,no,0,181.5,129,30.86,130.7,112,11.11,186.5,118,8.39,8.5,4,2.3,1,0
66,no,no,0,167.3,91,28.44,230,68,19.55,191.7,118,8.63,10.6,5,2.86,1,1
98,no,yes,31,121,105,20.57,218.9,98,18.61,226.7,110,10.2,12,1,3.24,1,0
74,no,no,0,221.1,124,37.59,110.8,94,9.42,240.1,112,10.8,10.6,3,2.86,0,0
73,no,no,0,183.4,80,31.18,242,115,20.57,201.4,100,9.06,7.5,3,2.03,4,0
21,no,no,0,146,78,24.82,109.7,79,9.32,247.4,108,11.13,6.8,7,1.84,0,0
122,no,no,0,157.1,134,26.71,184.9,122,15.72,197.2,59,8.87,8.5,5,2.3,4,1
133,yes,no,0,127.3,108,21.64,251.3,81,21.36,135,88,6.08,10.3,3,2.78,1,0
25,no,no,0,178.8,90,30.4,141.2,72,12,203,99,9.14,8.4,5,2.27,2,0
76,no,no,0,169.5,77,28.82,124,87,10.54,219.4,92,9.87,10,3,2.7,0,0
224,yes,no,0,171.5,99,29.16,160,103,13.6,212.4,102,9.56,5,2,1.35,1,1
117,no,no,0,239.9,84,40.78,174.8,106,14.86,209.5,93,9.43,9.8,2,2.65,0,0
141,no,yes,28,206.9,126,35.17,264.4,126,22.47,171.8,124,7.73,9.3,11,2.51,2,0
163,no,no,0,122.4,129,20.81,113.4,108,9.64,180.2,97,8.11,12.5,7,3.38,1,0
67,no,yes,40,104.9,65,17.83,216.3,93,18.39,217.4,128,9.78,9.6,9,2.59,1,0
112,no,no,0,243.4,77,41.38,182.1,97,15.48,259.2,94,11.66,12.8,2,3.46,1,0
61,no,yes,31,288.7,101,49.08,203.8,102,17.32,203.2,49,9.14,8.6,3,2.32,0,0
58,no,yes,29,240.4,80,40.87,118.9,91,10.11,164.2,108,7.39,11.2,3,3.02,1,0
155,no,no,0,190.3,123,32.35,301.3,96,25.61,214.6,134,9.66,8,3,2.16,1,0
113,no,no,0,155,93,26.35,330.6,106,28.1,189.4,123,8.52,13.5,3,3.65,1,0
135,no,yes,27,273.4,141,46.48,154,99,13.09,245.8,112,11.06,12.3,6,3.32,1,0
99,no,no,0,155.3,93,26.4,265.7,95,22.58,145.7,67,6.56,12.4,4,3.35,0,0
85,yes,no,0,165.4,107,28.12,196,126,16.66,349.2,110,15.71,9.6,7,2.59,2,0
88,no,no,0,138.3,116,23.51,236,138,20.06,179.1,110,8.06,9.6,4,2.59,3,0
85,no,no,0,127.9,107,21.74,271.2,124,23.05,202.2,76,9.1,12.5,5,3.38,0,0
86,no,yes,23,225.5,107,38.34,246.3,105,20.94,245.7,81,11.06,9.8,2,2.65,0,0
60,no,no,0,98.2,88,16.69,180.5,69,15.34,223.6,69,10.06,9.3,2,2.51,2,0
11,no,yes,28,190.6,86,32.4,220.1,122,18.71,180.3,80,8.11,6,3,1.62,3,0
90,no,no,0,261.8,128,44.51,220.6,104,18.75,136.6,91,6.15,9.6,5,2.59,1,0
71,yes,no,0,178.2,113,30.29,167.8,94,14.26,182.1,111,8.19,13.6,3,3.67,3,1
112,no,no,0,170.4,103,28.97,200.2,71,17.02,258.3,100,11.62,11.6,4,3.13,1,0
86,no,yes,32,70.9,163,12.05,166.7,121,14.17,244.9,105,11.02,11.1,5,3,3,0
41,no,yes,34,194.4,63,33.05,254.9,110,21.67,160.2,115,7.21,17.2,9,4.64,2,0
139,no,yes,20,214.6,101,36.48,235.1,132,19.98,162.8,132,7.33,14.8,12,4,0,0
74,no,no,0,148.5,111,25.25,146.5,42,12.45,289.2,83,13.01,9.9,6,2.67,3,0
141,no,yes,23,149.7,112,25.45,162.5,118,13.81,220.3,115,9.91,7.6,2,2.05,3,0
99,no,no,0,190.4,102,32.37,158.1,107,13.44,271.5,92,12.22,11.2,4,3.02,2,0
74,no,no,0,155.7,116,26.47,173.7,63,14.76,257.4,97,11.58,8.1,4,2.19,0,0
36,no,yes,16,149.4,111,25.4,131.8,113,11.2,132.7,87,5.97,6.7,2,1.81,0,0
165,no,no,0,242.9,126,41.29,209.8,65,17.83,228.4,126,10.28,0,0,0,1,0
55,yes,no,0,191.9,91,32.62,256.1,110,21.77,203.7,101,9.17,14.3,6,3.86,1,1
92,yes,no,0,130.7,113,22.22,260.6,122,22.15,244.2,98,10.99,9.4,2,2.54,2,1
129,no,yes,33,119.6,104,20.33,278.7,88,23.69,263.4,175,11.85,5.9,2,1.59,2,0
75,yes,no,0,211.3,61,35.92,105.6,119,8.98,175.9,63,7.92,9.7,4,2.62,4,1
95,no,no,0,175.2,91,29.78,244.4,109,20.77,75.8,95,3.41,7.5,2,2.03,1,0
126,no,yes,23,114.3,102,19.43,190.3,103,16.18,240.4,111,10.82,12.6,7,3.4,3,0
124,no,yes,28,251.4,104,42.74,225.1,89,19.13,251.9,121,11.34,7.5,5,2.03,1,0
93,yes,no,0,216.9,61,36.87,207.4,120,17.63,221.7,110,9.98,17.5,5,4.73,1,1
41,no,no,0,159.3,66,27.08,125.9,75,10.7,261.9,76,11.79,11.1,5,3,1,0
136,no,yes,31,143.1,88,24.33,236.6,65,20.11,227.8,120,10.25,11.4,5,3.08,2,0
92,no,no,0,154,122,26.18,329.8,88,28.03,288,117,12.96,5.6,2,1.51,3,1
143,no,yes,24,186.6,69,31.72,222,116,18.87,234.9,138,10.57,11.6,5,3.13,1,0
73,no,no,0,198.3,94,33.71,279.3,101,23.74,146.2,87,6.58,14.8,8,4,3,0
62,no,no,0,172.8,101,29.38,204.8,97,17.41,240.8,90,10.84,9.1,8,2.46,2,0
30,no,yes,30,217.4,74,36.96,213.8,86,18.17,227.2,104,10.22,6.6,3,1.78,0,0
60,yes,yes,29,265.9,113,45.2,215.8,94,18.34,108.1,82,4.86,14,12,3.78,0,1
96,no,no,0,98.2,100,16.69,307.2,88,26.11,182.5,120,8.21,7.6,1,2.05,2,0
41,no,no,0,202.9,97,34.49,153.8,104,13.07,113.5,92,5.11,9,3,2.43,3,0
112,no,no,0,261.4,108,44.44,154.5,102,13.13,130.9,90,5.89,11.6,2,3.13,1,0
88,no,no,0,73.3,86,12.46,161.4,82,13.72,239.6,76,10.78,8.2,3,2.21,4,1
61,no,no,0,45,108,7.65,151.3,74,12.86,152.9,94,6.88,9.8,6,2.65,2,0
87,no,no,0,231.3,105,39.32,171.7,108,14.59,67.7,136,3.05,13,6,3.51,1,0
176,no,no,0,47.4,125,8.06,167.8,90,14.26,163.1,107,7.34,10.5,8,2.84,2,0
77,no,no,0,163,112,27.71,219.1,89,18.62,233.4,66,10.5,6.7,3,1.81,2,0
98,no,yes,38,213.7,61,36.33,253,104,21.51,207.7,73,9.35,10.7,5,2.89,2,0
125,no,yes,36,201.3,117,34.22,42.2,78,3.59,125.7,104,5.66,5.4,3,1.46,1,0
194,no,no,0,48.4,101,8.23,281.1,138,23.89,218.5,87,9.83,18.2,1,4.91,1,0
190,no,yes,22,166.5,93,28.31,183,92,15.56,121,102,5.44,8.5,3,2.3,0,0
165,no,no,0,216.6,126,36.82,190.8,104,16.22,224.7,123,10.11,12.4,8,3.35,0,0
150,no,yes,29,209.9,77,35.68,158,52,13.43,141.9,113,6.39,6.6,1,1.78,0,0
152,yes,yes,20,237.5,120,40.38,253.4,94,21.54,265.2,80,11.93,14.2,3,3.83,9,1
69,yes,no,0,279.8,90,47.57,248.7,91,21.14,171,118,7.69,8.4,10,2.27,2,1
111,no,no,0,172.8,58,29.38,183.1,108,15.56,158.8,104,7.15,7.9,3,2.13,4,1
44,no,no,0,288.1,112,48.98,258,92,21.93,192.4,90,8.66,10.2,4,2.75,3,1
61,yes,no,0,78.2,103,13.29,195.9,149,16.65,108,100,4.86,10.1,6,2.73,2,0
74,no,yes,25,194.6,84,33.08,119.9,103,10.19,175.5,75,7.9,13.1,2,3.54,2,0
74,no,no,0,174.1,96,29.6,251.1,94,21.34,257.6,123,11.59,8.3,5,2.24,2,1
80,no,no,0,160.6,103,27.3,237,109,20.15,245.1,88,11.03,10.7,1,2.89,1,0
97,no,no,0,211,76,35.87,189,100,16.07,123,102,5.54,4.7,4,1.27,3,0
44,yes,no,0,62.3,92,10.59,275,82,23.38,138.7,108,6.24,10.8,3,2.92,1,0
44,no,no,0,228.1,121,38.78,276.5,79,23.5,279.8,77,12.59,9.9,5,2.67,2,1
114,no,yes,36,309.9,90,52.68,200.3,89,17.03,183.5,105,8.26,14.2,2,3.83,1,0
92,no,no,0,201.9,74,34.32,226.8,119,19.28,217.5,80,9.79,13.7,6,3.7,3,0
72,no,yes,21,186.7,108,31.74,335,86,28.48,187.2,119,8.42,16.5,4,4.46,1,0
171,no,yes,25,223.2,77,37.94,183.2,118,15.57,150.8,90,6.79,10.2,3,2.75,3,0
165,no,no,0,150.5,75,25.59,193.1,93,16.41,311.6,93,14.02,10.3,2,2.78,1,0
104,no,no,0,234.2,128,39.81,293.1,92,24.91,183.9,79,8.28,9.8,6,2.65,0,1
110,no,no,0,55.3,102,9.4,164.7,124,14,200.7,108,9.03,10.2,5,2.75,1,0
90,yes,no,0,221.8,97,37.71,203.8,134,17.32,215.8,154,9.71,8.4,4,2.27,1,0
117,no,yes,14,80.2,81,13.63,219,103,18.62,122.6,102,5.52,8.6,2,2.32,1,0
109,no,no,0,218.9,105,37.21,299.9,87,25.49,158.6,110,7.14,11.3,4,3.05,2,0
92,no,no,0,176.3,85,29.97,93.4,125,7.94,207.2,107,9.32,9.6,1,2.59,2,0
124,no,no,0,157.5,70,26.78,130.7,79,11.11,193.4,98,8.7,9.6,4,2.59,3,0
102,no,no,0,102.6,89,17.44,246,77,20.91,170.5,140,7.67,9.1,4,2.46,2,0
62,yes,no,0,159.7,86,27.15,197.5,76,16.79,121.6,105,5.47,13.9,6,3.75,0,1
53,no,no,0,57.5,95,9.78,265.5,131,22.57,244.3,128,10.99,11.6,6,3.13,3,0
112,no,no,0,335.5,77,57.04,212.5,109,18.06,265,132,11.93,12.7,8,3.43,2,1
63,no,yes,29,142.3,107,24.19,118.7,56,10.09,240.1,91,10.8,6.6,8,1.78,1,0
111,no,no,0,146.2,55,24.85,261.5,83,22.23,163.2,116,7.34,8.7,3,2.35,3,0
91,no,no,0,231.8,120,39.41,150.6,106,12.8,269.2,129,12.11,11.6,7,3.13,3,0
90,no,no,0,193.7,83,32.93,154.2,79,13.11,299,60,13.46,12.7,3,3.43,1,0
105,yes,yes,29,220.7,82,37.52,217.7,110,18.5,190.5,100,8.57,13.2,6,3.56,1,1
166,yes,yes,35,128.2,138,21.79,274.5,113,23.33,298.9,130,13.45,8.8,7,2.38,2,0
126,no,no,0,122.4,88,20.81,143.8,111,12.22,157,106,7.07,11.5,3,3.11,1,0
105,no,yes,33,209.6,68,35.63,146.9,140,12.49,121,131,5.44,10.6,3,2.86,2,0
126,no,no,0,161.4,110,27.44,220.6,125,18.75,249.2,78,11.21,5.1,2,1.38,0,0
97,no,no,0,144.2,91,24.51,226.7,137,19.27,144.6,72,6.51,13.8,4,3.73,3,0
95,yes,yes,37,220.2,109,37.43,185.3,99,15.75,205.1,82,9.23,4.1,2,1.11,0,1
87,no,no,0,256.2,105,43.55,160.7,102,13.66,249.4,80,11.22,7.4,2,2,4,0
169,no,no,0,100.8,112,17.14,230,69,19.55,193.6,95,8.71,9.5,2,2.57,0,0
120,no,yes,27,153.5,84,26.1,194,73,16.49,256.5,94,11.54,10.2,7,2.75,5,0
121,no,no,0,150.7,105,25.62,197.3,133,16.77,169,116,7.61,9.2,15,2.48,1,0
13,no,yes,31,265.3,94,45.1,147.6,95,12.55,259.3,117,11.67,12.9,1,3.48,1,0
74,no,no,0,165.3,120,28.1,198.5,106,16.87,208.5,102,9.38,9.8,3,2.65,1,0
83,no,no,0,195,92,33.15,210.5,83,17.89,180.6,92,8.13,11,13,2.97,0,0
49,no,no,0,213.8,79,36.35,265.1,93,22.53,239.8,128,10.79,15.6,7,4.21,0,0
111,no,yes,24,205.5,114,34.94,219.3,99,18.64,215.9,95,9.72,14,4,3.78,1,0
50,no,yes,22,252.9,112,42.99,177.9,99,15.12,158.4,146,7.13,8.5,4,2.3,3,0
105,no,no,0,213.4,100,36.28,204.9,52,17.42,179.7,93,8.09,9.5,6,2.57,1,0
54,no,yes,39,206.9,143,35.17,127.8,72,10.86,199.2,120,8.96,9.2,1,2.48,3,0
130,no,no,0,242.5,101,41.23,102.8,114,8.74,142.4,89,6.41,9.3,2,2.51,2,0
65,no,yes,31,282.3,70,47.99,152,89,12.92,225.5,93,10.15,12,4,3.24,1,0
63,no,no,0,211.2,80,35.9,237.7,93,20.2,259.2,58,11.66,12.3,2,3.32,0,0
147,no,no,0,205.3,95,34.9,166.7,128,14.17,240.6,84,10.83,7.8,4,2.11,1,0
27,no,no,0,193.8,102,32.95,118.9,104,10.11,135.9,124,6.12,9.2,3,2.48,0,0
3,no,yes,36,118.1,117,20.08,221.5,125,18.83,103.9,89,4.68,11.9,6,3.21,2,0
60,no,no,0,125.1,99,21.27,248.8,62,21.15,211.3,79,9.51,11.2,3,3.02,3,0
119,no,no,0,176.8,90,30.06,224.7,81,19.1,204.6,77,9.21,7.5,15,2.03,1,0
84,no,no,0,217.1,99,36.91,236,68,20.06,118.3,120,5.32,9.4,4,2.54,1,0
116,no,no,0,189.5,90,32.22,189.8,118,16.13,205.8,83,9.26,13.1,2,3.54,1,0
123,no,no,0,159.1,94,27.05,241.6,119,20.54,202.4,120,9.11,6.5,1,1.76,1,0
110,no,no,0,100.1,90,17.02,233.3,93,19.83,204.4,57,9.2,11.1,8,3,3,0
176,no,no,0,223.2,76,37.94,214.4,131,18.22,154.4,80,6.95,10.1,2,2.73,3,0
121,no,no,0,103.3,110,17.56,129.1,82,10.97,167.1,113,7.52,10.7,3,2.89,0,0
69,no,no,0,195.3,70,33.2,216.7,108,18.42,259.9,119,11.7,12.5,4,3.38,3,0
129,no,no,0,143.7,114,24.43,297.8,98,25.31,212.6,86,9.57,11.4,8,3.08,4,0
106,no,no,0,114.4,104,19.45,78.3,101,6.66,232.7,78,10.47,0,0,0,2,0
57,yes,yes,30,234.5,130,39.87,195.2,116,16.59,268.8,94,12.1,11.4,4,3.08,2,0
67,no,no,0,210.7,116,35.82,219.2,86,18.63,179.7,83,8.09,7.2,6,1.94,1,0
78,no,no,0,137.4,109,23.36,237.6,49,20.2,206.7,136,9.3,14,11,3.78,3,0
64,no,no,0,224.8,111,38.22,190,101,16.15,221.4,110,9.96,9.2,2,2.48,1,0
86,no,yes,39,261.2,122,44.4,214.2,101,18.21,154.9,101,6.97,12.7,5,3.43,2,0
48,no,no,0,300.4,94,51.07,133.2,103,11.32,197.4,94,8.88,7.2,5,1.94,2,0
68,no,no,0,162.1,86,27.56,155,86,13.18,189.7,87,8.54,11,9,2.97,5,1
68,no,no,0,159.5,123,27.12,240.8,93,20.47,210.3,76,9.46,11.4,3,3.08,1,0
66,no,no,0,34,133,5.78,278.6,61,23.68,129.6,120,5.83,11.5,3,3.11,0,0
158,no,no,0,202,126,34.34,163.5,86,13.9,195.4,84,8.79,10.4,6,2.81,1,0
155,no,no,0,184.6,102,31.38,196,117,16.66,226.5,122,10.19,7.8,1,2.11,1,0
106,no,no,0,220.7,120,37.52,270.2,95,22.97,121.6,113,5.47,8.7,5,2.35,1,0
87,yes,no,0,167.3,119,28.44,198.5,119,16.87,133.1,88,5.99,11,6,2.97,1,0
69,no,no,0,167.5,76,28.48,242.1,92,20.58,101.2,103,4.55,11.4,4,3.08,2,0
112,no,no,0,115.8,108,19.69,243.3,111,20.68,184.6,78,8.31,13.1,5,3.54,1,0
27,no,no,0,201.2,128,34.2,227.2,100,19.31,145.8,91,6.56,8.4,3,2.27,2,0
161,yes,no,0,189.6,78,32.23,267.4,117,22.73,184.5,137,8.3,1.3,6,0.35,1,0
120,no,yes,31,153.5,83,26.1,219.1,96,18.62,237.4,76,10.68,11.4,4,3.08,0,0
113,no,no,0,187.6,97,31.89,208.2,118,17.7,158.9,101,7.15,8.7,6,2.35,2,0
122,yes,no,0,230.9,132,39.25,243.2,99,20.67,182.4,57,8.21,11,2,2.97,0,1
74,no,no,0,230.9,93,39.25,223,78,18.96,157.8,101,7.1,9.7,2,2.62,3,0
106,no,no,0,187.1,104,31.81,250.2,117,21.27,144.9,81,6.52,11,3,2.97,1,0
179,no,no,0,170.7,54,29.02,191.1,108,16.24,214.6,107,9.66,13.3,4,3.59,1,0
149,yes,yes,28,126.9,97,21.57,166.9,102,14.19,145.2,77,6.53,8.8,3,2.38,5,1
80,no,no,0,161.1,99,27.39,198.8,81,16.9,228.4,116,10.28,10.6,4,2.86,1,0
135,yes,yes,24,127.7,54,21.71,215,105,18.28,234.3,84,10.54,5.8,4,1.57,2,0
107,yes,no,0,273.5,104,46.5,183.8,68,15.62,153.8,67,6.92,11,9,2.97,2,0
103,yes,no,0,62.8,124,10.68,170.4,66,14.48,280.2,78,12.61,9.4,4,2.54,3,0
107,no,yes,22,281.1,83,47.79,143.7,130,12.21,239.4,128,10.77,11.2,9,3.02,1,0
90,no,no,0,214.9,97,36.53,117.8,117,10.01,133.7,78,6.02,11.8,2,3.19,2,0
92,yes,yes,45,281.1,88,47.79,198,103,16.83,94.3,76,4.24,7.5,3,2.03,0,0
38,no,no,0,137.8,86,23.43,286.3,76,24.34,167,77,7.52,14.1,3,3.81,2,0
73,no,no,0,187.3,118,31.84,239.7,90,20.37,167.5,108,7.54,15.1,2,4.08,1,0
113,no,yes,32,180.4,89,30.67,129.4,124,11,166.9,124,7.51,8.4,2,2.27,1,0
68,yes,no,0,148.5,126,25.25,219.4,125,18.65,198.5,121,8.93,14.5,7,3.92,1,1
135,no,yes,22,197.1,113,33.51,259.4,95,22.05,134.7,135,6.06,14.6,5,3.94,2,0
100,no,yes,26,153.7,115,26.13,137.8,146,11.71,213.5,104,9.61,15.9,5,4.29,1,0
108,no,no,0,246.2,102,41.85,202.4,134,17.2,180.1,95,8.1,9.4,5,2.54,1,0
56,no,yes,30,127.1,89,21.61,172.1,116,14.63,194.6,111,8.76,12.1,3,3.27,1,0
61,yes,yes,16,143.5,76,24.4,242.6,58,20.62,147.7,95,6.65,11.3,3,3.05,0,0
123,no,no,0,194,118,32.98,242,114,20.57,146.3,108,6.58,12.1,4,3.27,1,0
58,no,no,0,234.8,89,39.92,106.8,131,9.08,178.5,122,8.03,9.9,6,2.67,0,0
243,no,no,0,95.5,92,16.24,163.7,63,13.91,264.2,118,11.89,6.6,6,1.78,2,0
92,no,yes,16,184,99,31.28,76.4,134,6.49,185.1,96,8.33,12.7,3,3.43,2,0
77,no,yes,24,149.4,74,25.4,123.9,72,10.53,174.3,84,7.84,10.1,6,2.73,1,0
147,no,no,0,209.4,104,35.6,132.5,78,11.26,149.4,123,6.72,11.3,3,3.05,2,0
143,no,no,0,119.1,117,20.25,287.7,136,24.45,223,100,10.04,12.2,4,3.29,0,0
121,yes,no,0,167.7,94,28.51,93.7,121,7.96,241.3,115,10.86,13.4,1,3.62,3,1
88,no,no,0,202.2,86,34.37,216.8,93,18.43,239.4,99,10.77,11.8,2,3.19,2,0
87,no,no,0,322.5,106,54.83,204.6,93,17.39,186.2,128,8.38,9.4,4,2.54,2,1
27,no,no,0,72.7,75,12.36,208.6,117,17.73,65.8,71,2.96,9.9,3,2.67,1,0
64,yes,yes,33,127.2,93,21.62,162.9,104,13.85,247.4,109,11.13,8.1,13,2.19,0,0
111,no,no,0,99.3,112,16.88,270.5,136,22.99,225.3,94,10.14,9,6,2.43,3,0
77,no,no,0,239.2,114,40.66,150,115,12.75,160.8,81,7.24,10.3,2,2.78,5,0
144,no,yes,51,283.9,98,48.26,192,109,16.32,196.3,85,8.83,10,4,2.7,1,0
70,no,yes,31,125.9,101,21.4,196.4,102,16.69,252.7,75,11.37,10.3,4,2.78,1,0
129,no,no,0,198.4,91,33.73,264.7,106,22.5,111.4,101,5.01,9.2,2,2.48,2,0
166,no,no,0,274.3,110,46.63,52.9,109,4.5,246.1,119,11.07,10.9,5,2.94,0,0
136,yes,no,0,199.6,89,33.93,211.4,96,17.97,72.4,84,3.26,11,4,2.97,3,1
149,no,no,0,217.7,91,37.01,273.5,74,23.25,226.9,99,10.21,9.6,3,2.59,3,0
70,no,no,0,134.7,96,22.9,235.9,90,20.05,260.2,113,11.71,7.6,6,2.05,3,0
58,no,no,0,149.4,145,25.4,196.5,105,16.7,209.5,108,9.43,14.9,3,4.02,1,0
75,no,yes,38,163.6,132,27.81,146.7,113,12.47,345.8,115,15.56,13.1,3,3.54,3,0
45,no,no,0,207.6,71,35.29,152.7,94,12.98,217.8,125,9.8,12.4,13,3.35,1,0
155,no,no,0,165.4,108,28.12,183.7,103,15.61,80.2,108,3.61,8.9,4,2.4,3,0
52,no,no,0,209.8,114,35.67,171.3,82,14.56,154.6,119,6.96,9.9,9,2.67,4,0
119,no,yes,27,220.1,128,37.42,268.2,133,22.8,146.5,80,6.59,11.1,3,3,0,0
42,no,no,0,196.5,89,33.41,241.3,123,20.51,143.2,105,6.44,4,7,1.08,0,0
123,no,no,0,105,150,17.85,251.6,90,21.39,258,93,11.61,14.9,5,4.02,0,0
149,no,yes,43,206.7,79,35.14,174.6,122,14.84,241.5,80,10.87,10.9,3,2.94,1,0
103,no,no,0,204.9,107,34.83,135.2,102,11.49,208.2,106,9.37,10.4,3,2.81,5,0
132,no,yes,15,154.6,128,26.28,245.6,106,20.88,148.6,90,6.69,9.1,4,2.46,1,0
62,no,no,0,281,66,47.77,160.6,108,13.65,77.9,74,3.51,0,0,0,1,0
122,no,yes,33,270.8,96,46.04,220.4,110,18.73,169.9,104,7.65,11.8,8,3.19,4,0
32,no,no,0,171.2,82,29.1,185.6,102,15.78,203.3,64,9.15,10.2,7,2.75,1,0
86,no,no,0,124.1,82,21.1,202.6,120,17.22,289.6,119,13.03,6.7,8,1.81,3,0
42,no,no,0,146.3,84,24.87,255.9,113,21.75,45,117,2.03,8,12,2.16,1,0
124,no,no,0,178.4,72,30.33,233.6,134,19.86,179.4,91,8.07,12,2,3.24,0,0
109,no,yes,27,166.9,85,28.37,221.2,92,18.8,197.3,97,8.88,12.3,4,3.32,1,1
108,no,yes,35,215.9,106,36.7,200.6,107,17.05,195.4,107,8.79,15.5,7,4.19,0,0
125,no,no,0,140.1,132,23.82,209.6,126,17.82,264.1,77,11.88,8,2,2.16,1,0
23,no,no,0,321.6,107,54.67,251.6,115,21.39,141.1,158,6.35,11.3,3,3.05,2,1
149,no,no,0,166.6,61,28.32,218.8,107,18.6,208.3,131,9.37,8.2,6,2.21,7,0
161,no,no,0,191.9,113,32.62,70.9,87,6.03,204.8,107,9.22,13.4,4,3.62,4,1
118,no,yes,24,118.1,83,20.08,109.6,72,9.32,245.5,73,11.05,16.9,2,4.56,1,0
127,no,yes,25,82.2,95,13.97,163.3,109,13.88,264.9,104,11.92,5.1,6,1.38,0,0
118,no,no,0,267.8,145,45.53,316.4,121,26.89,208.6,91,9.39,14.4,11,3.89,5,1
50,no,yes,24,214.3,129,36.43,289.8,55,24.63,312.5,130,14.06,10.6,4,2.86,1,0
52,no,no,0,215.9,67,36.7,217,108,18.45,342.8,130,15.43,5.2,2,1.4,1,0
65,no,no,0,111,51,18.87,219.8,84,18.68,202,89,9.09,4.4,14,1.19,1,0
80,no,no,0,239.9,121,40.78,142.3,51,12.1,364.3,106,16.39,9.3,5,2.51,1,0
1,no,no,0,144.8,107,24.62,112.5,66,9.56,218.7,79,9.84,13.8,3,3.73,1,0
60,no,no,0,135.4,134,23.02,205.9,85,17.5,204,103,9.18,7.9,4,2.13,1,0
43,no,no,0,84.2,134,14.31,80.8,103,6.87,196.1,79,8.82,10.8,2,2.92,1,0
74,no,no,0,200.4,87,34.07,309.2,105,26.28,152.1,118,6.84,10,2,2.7,1,0
56,no,no,0,91.1,90,15.49,179.3,115,15.24,300.7,89,13.53,11.9,8,3.21,2,0
117,no,no,0,168.8,137,28.7,241.4,107,20.52,204.8,106,9.22,15.5,4,4.19,0,0
132,no,no,0,191.9,107,32.62,206.9,127,17.59,272,88,12.24,12.6,2,3.4,1,0
81,no,yes,28,167.9,147,28.54,190.7,105,16.21,193,103,8.69,9.2,6,2.48,4,1
150,no,yes,28,174.4,75,29.65,169.9,80,14.44,201.6,130,9.07,11,4,2.97,1,0
108,no,no,0,103,129,17.51,242.3,103,20.6,170.2,89,7.66,7.9,3,2.13,1,0
114,no,yes,34,154.4,109,26.25,221.4,142,18.82,208.5,103,9.38,10.3,5,2.78,0,0
5,no,no,0,199.2,106,33.86,187.3,12,15.92,214,85,9.63,13.3,3,3.59,3,0
142,no,yes,30,154,75,26.18,165.8,97,14.09,270,83,12.15,10.8,5,2.92,1,0
73,no,no,0,175.4,130,29.82,248.1,105,21.09,122.4,85,5.51,12.2,4,3.29,0,0
85,no,no,0,176.4,122,29.99,224.9,123,19.12,219.6,50,9.88,11.5,1,3.11,1,0
87,no,no,0,228.7,90,38.88,163,99,13.86,154.1,90,6.93,11.8,3,3.19,1,0
21,no,yes,31,135.9,90,23.1,271,84,23.04,179.1,89,8.06,9.5,7,2.57,6,0
129,no,no,0,334.3,118,56.83,192.1,104,16.33,191,83,8.59,10.4,6,2.81,0,1
104,no,no,0,130.5,77,22.19,131.2,117,11.15,264.7,63,11.91,13,6,3.51,0,0
93,no,yes,21,134.2,105,22.81,162.5,128,13.81,186.6,90,8.4,11.8,2,3.19,4,1
50,no,no,0,188.9,94,32.11,203.9,104,17.33,151.8,124,6.83,11.6,8,3.13,3,0
84,no,yes,33,159.1,106,27.05,149.8,101,12.73,213.4,108,9.6,13,18,3.51,1,0
77,no,no,0,142.3,112,24.19,306.3,111,26.04,196.5,82,8.84,9.9,1,2.67,1,0
38,no,yes,31,197.2,118,33.52,249.9,70,21.24,298.9,104,13.45,3.9,2,1.05,0,0
140,no,no,0,125.3,84,21.3,167.6,121,14.25,260.6,94,11.73,8.4,4,2.27,1,0
12,yes,no,0,216.7,117,36.84,116.5,126,9.9,220,110,9.9,9.8,4,2.65,2,0
181,no,no,0,143.3,91,24.36,195.5,58,16.62,223.3,95,10.05,6,7,1.62,1,0
155,no,no,0,181.4,111,30.84,167.7,92,14.25,168.5,122,7.58,11.3,3,3.05,3,0
105,no,no,0,246.4,83,41.89,256.2,101,21.78,169,151,7.61,3.8,4,1.03,0,0
102,no,no,0,114.8,125,19.52,81.9,126,6.96,304.3,101,13.69,12,4,3.24,0,0
41,no,no,0,143.6,117,24.41,152.4,108,12.95,194.4,110,8.75,8.6,3,2.32,1,0
13,no,no,0,146.4,74,24.89,148.5,92,12.62,216.7,96,9.75,11.3,3,3.05,1,0
115,no,yes,33,145,72,24.65,194.5,157,16.53,242.3,138,10.9,14.2,3,3.83,2,0
67,no,no,0,167.8,91,28.53,167.7,69,14.25,110.3,71,4.96,8.4,12,2.27,1,0
146,yes,no,0,133,65,22.61,262.8,93,22.34,214.3,128,9.64,11.2,3,3.02,1,0
148,no,yes,11,252.9,129,42.99,284.3,88,24.17,262.8,99,11.83,12.3,1,3.32,1,0
67,no,yes,28,95,94,16.15,291.2,73,24.75,159.6,114,7.18,10,2,2.7,2,0
99,no,yes,42,216,125,36.72,232.3,104,19.75,215.5,100,9.7,9.3,4,2.51,2,1
87,no,no,0,146.3,108,24.87,171.8,102,14.6,167.5,66,7.54,5.3,9,1.43,1,0
87,no,no,0,234.8,85,39.92,140.9,91,11.98,204.3,93,9.19,9.5,5,2.57,1,0
87,yes,no,0,134.2,80,22.81,165,71,14.03,173.1,102,7.79,10.7,5,2.89,0,0
150,no,no,0,189.3,77,32.18,220.9,105,18.78,238.7,117,10.74,9.2,5,2.48,4,0
91,yes,yes,24,93.5,112,15.9,183.4,128,15.59,240.7,133,10.83,9.9,3,2.67,0,0
94,yes,no,0,243.2,109,41.34,147,88,12.5,94.9,99,4.27,7.2,4,1.94,4,0
158,no,no,0,220.9,129,37.55,242.2,108,20.59,233.3,75,10.5,6.4,5,1.73,0,0
79,no,no,0,147,72,24.99,165.7,102,14.08,243.2,107,10.94,8.4,9,2.27,1,0
139,no,yes,25,96.2,112,16.35,178.9,70,15.21,182.1,84,8.19,12.9,10,3.48,2,0
98,yes,no,0,12.5,67,2.13,256.6,90,21.81,169.4,88,7.62,7.7,9,2.08,1,0
92,no,no,0,208,125,35.36,198.9,76,16.91,76.4,97,3.44,8.6,6,2.32,0,0
132,no,yes,31,174.5,101,29.67,245.6,105,20.88,172.8,76,7.78,10.3,9,2.78,1,0
190,no,yes,26,116.7,71,19.84,145.9,88,12.4,175.1,103,7.88,9.9,3,2.67,1,0
101,no,no,0,93.8,127,15.95,150,104,12.75,241.1,116,10.85,10.7,2,2.89,1,0
185,yes,yes,30,154.1,114,26.2,118.7,106,10.09,258.4,105,11.63,12.9,3,3.48,2,0
124,no,no,0,167.4,119,28.46,233.2,143,19.82,109.6,115,4.93,10.3,5,2.78,0,0
134,no,no,0,205.3,122,34.9,240.5,155,20.44,179.1,107,8.06,5,9,1.35,1,0
164,no,yes,25,219.1,88,37.25,151.5,99,12.88,50.1,60,2.25,14.3,6,3.86,1,0
177,no,no,0,232.8,106,39.58,175.2,97,14.89,212.2,77,9.55,12.5,7,3.38,2,0
114,no,no,0,191.5,88,32.56,175.2,78,14.89,220.3,118,9.91,0,0,0,0,0
64,no,yes,19,291.1,150,49.49,226.7,123,19.27,219.1,67,9.86,7.5,2,2.03,1,0
82,yes,no,0,208.8,101,35.5,213.7,87,18.16,175.1,86,7.88,12.4,6,3.35,3,0
113,no,no,0,132.1,72,22.46,247.5,107,21.04,246.2,123,11.08,6.9,6,1.86,3,0
131,no,no,0,153.4,86,26.08,198.5,81,16.87,164.4,83,7.4,10.4,3,2.81,0,0
148,no,no,0,185.2,87,31.48,170.4,96,14.48,165.1,104,7.43,9.5,13,2.57,1,0
210,no,no,0,104.6,121,17.78,149.5,71,12.71,255.1,67,11.48,6.5,8,1.76,2,0
115,no,no,0,245.2,105,41.68,159,109,13.52,229.9,74,10.35,7.2,8,1.94,0,0
57,no,yes,29,279.9,121,47.58,223.1,109,18.96,251.7,94,11.33,13,2,3.51,1,0
135,no,yes,28,201.4,100,34.24,246.5,117,20.95,154.8,131,6.97,12.9,4,3.48,2,1
98,no,yes,29,179.9,97,30.58,189.2,89,16.08,164.3,76,7.39,12.8,7,3.46,3,0
151,no,no,0,235.9,104,40.1,80.6,91,6.85,212.8,116,9.58,5.8,2,1.57,3,0
117,no,no,0,144.6,115,24.58,258.8,66,22,253.2,113,11.39,7.4,9,2,2,0
55,no,no,0,189,100,32.13,118.5,99,10.07,248.1,87,11.16,17.1,6,4.62,0,0
152,no,no,0,206.3,98,35.07,292.8,82,24.89,43.7,121,1.97,10.6,4,2.86,1,0
98,no,no,0,165,129,28.05,202.6,113,17.22,172.3,94,7.75,12.5,7,3.38,1,1
189,no,no,0,208.3,106,35.41,236.7,123,20.12,179.1,120,8.06,11.3,5,3.05,3,0
111,no,no,0,142.3,75,24.19,122.8,106,10.44,229.5,94,10.33,12.8,9,3.46,2,0
159,no,yes,19,184.1,78,31.3,194.5,71,16.53,225.6,101,10.15,16.9,3,4.56,0,0
71,no,no,0,103.3,103,17.56,138.5,79,11.77,164.8,98,7.42,9,2,2.43,2,0
83,no,yes,37,78.5,109,13.35,210.5,101,17.89,179.7,102,8.09,11.8,4,3.19,1,0
64,no,no,0,148.1,73,25.18,164.9,101,14.02,216,125,9.72,12.3,2,3.32,5,1
144,no,yes,33,251.6,87,42.77,197.6,118,16.8,209.2,97,9.41,12.2,3,3.29,2,0
19,no,yes,34,156.6,97,26.62,224.2,97,19.06,260.9,135,11.74,11.3,1,3.05,1,0
46,no,no,0,139.4,81,23.7,223.7,113,19.01,173.1,77,7.79,13.6,6,3.67,1,0
127,no,no,0,220.2,108,37.43,188.4,124,16.01,172.7,113,7.77,11.7,3,3.16,2,0
9,no,yes,39,214.1,108,36.4,169.2,115,14.38,189.7,117,8.54,10.1,3,2.73,1,0
157,no,no,0,196,74,33.32,213.4,96,18.14,196.8,81,8.86,7.9,6,2.13,1,0
105,no,no,0,106.4,71,18.09,240.1,83,20.41,147.7,114,6.65,5.3,4,1.43,6,1
105,no,yes,29,179.4,113,30.5,275.4,100,23.41,246.1,105,11.07,10,5,2.7,0,0
132,no,no,0,193.3,106,32.86,128.3,94,10.91,162.1,119,7.29,11.6,4,3.13,5,1
16,no,no,0,209.5,89,35.62,172.8,85,14.69,94.1,102,4.23,8.8,4,2.38,1,0
99,no,no,0,95.4,105,16.22,207.2,101,17.61,136,117,6.12,5.6,5,1.51,1,0
76,no,yes,26,214.6,110,36.48,205.2,87,17.44,134.6,140,6.06,8.1,2,2.19,1,0
167,no,no,0,131.6,120,22.37,211.3,96,17.96,168.3,97,7.57,11.1,4,3,4,1
128,no,no,0,103.3,122,17.56,245.9,123,20.9,161.1,95,7.25,6.4,7,1.73,0,0
173,no,no,0,172.5,78,29.33,142.6,91,12.12,102,63,4.59,10.9,2,2.94,0,0
66,no,yes,32,187.8,117,31.93,129.8,90,11.03,132.3,113,5.95,12,3,3.24,2,0
32,no,no,0,157.9,88,26.84,180.8,132,15.37,132.5,102,5.96,12.8,3,3.46,1,0
72,no,yes,39,92.8,98,15.78,271.2,115,23.05,167.1,83,7.52,5.8,7,1.57,1,0
134,no,yes,32,216.8,78,36.86,102.2,111,8.69,174,83,7.83,8.6,2,2.32,0,0
101,no,yes,23,262.2,101,44.57,157,80,13.35,129.1,100,5.81,7.3,14,1.97,1,0
72,no,no,0,207.8,92,35.33,195.7,110,16.63,184.8,124,8.32,13.1,4,3.54,0,0
123,no,no,0,211,92,35.87,217,102,18.45,214.8,104,9.67,9.8,7,2.65,3,0
87,no,yes,28,143.5,106,24.4,223.5,147,19,175.4,69,7.89,11.2,5,3.02,0,0
149,no,no,0,156,56,26.52,56,116,4.76,163.3,104,7.35,8.9,8,2.4,0,0
135,no,no,0,194.8,97,33.12,235.3,118,20,174.4,126,7.85,11,3,2.97,1,0
100,no,no,0,247.8,117,42.13,130,95,11.05,134.3,125,6.04,6.9,2,1.86,1,0
153,no,no,0,193.8,90,32.95,195.3,121,16.6,182.7,108,8.22,8.5,3,2.3,1,0
92,no,yes,25,134,112,22.78,206,111,17.51,180.6,118,8.13,9.7,4,2.62,0,0
154,no,no,0,191.4,93,32.54,205.4,119,17.46,205.7,121,9.26,10.2,3,2.75,3,0
48,no,no,0,275.2,67,46.78,180.2,108,15.32,159,110,7.15,7.9,2,2.13,1,0
139,no,no,0,165,132,28.05,249.7,86,21.22,170.3,128,7.66,12.6,8,3.4,1,0
126,no,no,0,228.7,102,38.88,168.7,99,14.34,223.5,100,10.06,11.8,4,3.19,1,0
95,no,no,0,141.1,84,23.99,211.4,108,17.97,103.7,127,4.67,5.9,6,1.59,3,0
36,no,no,0,178.6,83,30.36,213.1,103,18.11,198,119,8.91,10.9,5,2.94,1,0
113,no,no,0,215.9,93,36.7,240.1,85,20.41,156.7,123,7.05,4.9,5,1.32,3,0
109,no,no,0,170.7,101,29.02,240.2,82,20.42,119,112,5.36,11.4,4,3.08,2,0
91,no,no,0,217.9,71,37.04,230.1,116,19.56,232.1,110,10.44,10.6,2,2.86,1,0
48,no,no,0,128.2,71,21.79,48.1,78,4.09,116.3,80,5.23,8.9,3,2.4,0,0
86,no,no,0,126.3,115,21.47,168.8,112,14.35,154.6,95,6.96,9.8,7,2.65,2,0
163,no,no,0,178.7,56,30.38,215.7,79,18.33,152.7,84,6.87,10.6,2,2.86,4,0
147,yes,yes,24,219.9,118,37.38,208.5,116,17.72,352.5,111,15.86,8.1,4,2.19,3,0
64,no,no,0,168,116,28.56,192.4,94,16.35,166.5,98,7.49,10.1,3,2.73,2,0
159,no,no,0,198.8,107,33.8,195.5,91,16.62,213.3,120,9.6,16.5,7,4.46,5,0
45,no,yes,38,196.8,92,33.46,254.2,108,21.61,261.8,85,11.78,7.7,2,2.08,1,0
101,yes,no,0,193.7,108,32.93,186.6,98,15.86,223,100,10.04,11.6,8,3.13,0,0
62,no,yes,33,186.4,84,31.69,201,136,17.09,286.7,103,12.9,11.1,3,3,2,1
55,no,yes,20,189.3,95,32.18,118.6,113,10.08,250.2,102,11.26,12.5,4,3.38,2,0
76,no,yes,22,160.1,107,27.22,168.7,136,14.34,23.2,102,1.04,9.5,4,2.57,3,0
157,no,no,0,220.7,105,37.52,119.3,127,10.14,165.1,113,7.43,11.5,7,3.11,4,0
86,no,no,0,166.2,112,28.25,255.3,81,21.7,228.1,97,10.26,5.4,7,1.46,1,0
131,no,no,0,211.8,115,36.01,260.5,102,22.14,144.2,96,6.49,10.8,7,2.92,0,0
55,no,yes,45,130.5,114,22.19,208.4,94,17.71,141.6,114,6.37,11,5,2.97,4,1
74,no,no,0,162.7,102,27.66,292,105,24.82,183.3,80,8.25,8.7,6,2.35,0,0
81,yes,yes,37,237.1,76,40.31,264.2,125,22.46,271.3,120,12.21,7.9,3,2.13,1,0
3,no,yes,27,67.4,116,11.46,244,78,20.74,281.1,93,12.65,11.4,2,3.08,2,0
51,no,no,0,229.7,129,39.05,336,104,28.56,192.8,128,8.68,9.6,1,2.59,1,1
68,no,yes,24,176,118,29.92,277.9,116,23.62,174.7,71,7.86,14.7,7,3.97,1,0
87,no,no,0,115.4,90,19.62,262.6,68,22.32,245.7,69,11.06,13.1,5,3.54,2,0
58,no,no,0,112.2,95,19.07,209.6,108,17.82,260.9,78,11.74,13.9,1,3.75,0,1
144,no,no,0,139.6,96,23.73,124.2,93,10.56,95.6,75,4.3,15,4,4.05,2,0
107,no,yes,14,114.3,132,19.43,199.8,91,16.98,194.7,74,8.76,7.5,8,2.03,1,0
149,no,no,0,196.3,108,33.37,136.8,96,11.63,154.7,87,6.96,7.7,3,2.08,2,0
92,no,no,0,249.4,118,42.4,211.5,95,17.98,169,116,7.61,9.1,3,2.46,0,0
67,no,yes,30,129.6,107,22.03,233,104,19.81,297,93,13.37,14.5,5,3.92,1,0
166,no,no,0,220.7,106,37.52,177.8,118,15.11,206.1,102,9.27,12.4,9,3.35,1,0
66,no,no,0,87.6,76,14.89,262,111,22.27,184.6,125,8.31,9.2,5,2.48,1,0
82,no,no,0,189.2,81,32.16,184.4,117,15.67,255.8,83,11.51,10.6,5,2.86,3,1
87,no,no,0,171.6,119,29.17,205,107,17.43,170.6,114,7.68,13.8,4,3.73,0,0
137,yes,no,0,174,123,29.58,161.3,115,13.71,260.7,98,11.73,11.4,3,3.08,2,0
45,no,no,0,78.6,106,13.36,187.3,110,15.92,184.2,111,8.29,7.4,5,2,1,1
121,no,no,0,207.9,98,35.34,210.5,96,17.89,109.6,114,4.93,7.7,2,2.08,2,0
101,no,no,0,248.6,102,42.26,174.9,93,14.87,207.2,86,9.32,6.1,3,1.65,3,0
51,no,no,0,197.8,60,33.63,221,64,18.79,168.6,134,7.59,8.9,5,2.4,1,0
111,no,no,0,197.1,117,33.51,227.8,128,19.36,214,101,9.63,9.3,11,2.51,0,0
118,no,no,0,154.6,112,26.28,184.2,105,15.66,217.4,102,9.78,12.6,5,3.4,2,0
137,no,no,0,141.1,91,23.99,147.2,100,12.51,254.7,75,11.46,8,7,2.16,2,0
126,no,no,0,321.3,99,54.62,167.9,93,14.27,193.6,106,8.71,8,4,2.16,1,1
124,no,no,0,251.5,85,42.76,214.2,98,18.21,186.1,71,8.37,11.1,6,3,3,0
97,yes,no,0,236.9,107,40.27,157.6,105,13.4,241,120,10.85,7.3,2,1.97,0,1
28,no,no,0,159.7,79,27.15,216.7,131,18.42,206.7,116,9.3,9.3,3,2.51,2,0
190,no,no,0,150.9,86,25.65,268.6,129,22.83,179.9,73,8.1,14.7,1,3.97,1,0
73,no,no,0,254.7,80,43.3,90.2,79,7.67,153.4,60,6.9,10.6,8,2.86,0,0
51,no,no,0,227.2,89,38.62,194.4,106,16.52,243.4,126,10.95,14.9,2,4.02,0,0
117,no,yes,31,104.9,115,17.83,237.6,125,20.2,263.4,104,11.85,7.7,6,2.08,3,0
94,yes,no,0,235.6,131,40.05,194.8,107,16.56,170.6,93,7.68,8.6,4,2.32,1,0
129,no,no,0,186,127,31.62,262.3,96,22.3,98.9,63,4.45,11.5,6,3.11,4,0
96,no,no,0,179.5,125,30.52,162.3,139,13.8,264.5,133,11.9,6.6,2,1.78,1,0
84,no,yes,42,214.3,112,36.43,188.2,107,16,333.5,117,15.01,11.3,10,3.05,0,0
65,no,no,0,245.7,139,41.77,241.9,113,20.56,285.3,117,12.84,4.2,5,1.13,4,1
131,no,yes,34,156.6,134,26.62,71,95,6.04,261.7,120,11.78,13.4,10,3.62,1,0
36,no,no,0,202.4,115,34.41,230.7,115,19.61,202,127,9.09,10.2,2,2.75,3,0
99,yes,no,0,197.2,127,33.52,156,92,13.26,204.1,99,9.18,9.9,6,2.67,4,0
94,no,no,0,194.1,62,33,227.2,54,19.31,190.4,115,8.57,15.3,4,4.13,1,0
40,no,no,0,115.7,105,19.67,127.8,113,10.86,107.5,91,4.84,9.3,6,2.51,1,0
103,no,no,0,189.8,110,32.27,115.5,83,9.82,191.3,103,8.61,12.2,4,3.29,0,0
98,no,yes,19,110.5,87,18.79,227.8,97,19.36,243.6,84,10.96,11,4,2.97,1,0
70,no,no,0,213.4,86,36.28,204.7,77,17.4,256.6,101,11.55,5.7,4,1.54,1,0
87,no,yes,39,82.6,113,14.04,224.4,63,19.07,163.6,88,7.36,9.5,1,2.57,3,0
1,no,yes,30,183.1,95,31.13,232.6,110,19.77,248.3,110,11.17,8.4,2,2.27,0,0
182,no,no,0,176.1,90,29.94,174.9,106,14.87,234.7,134,10.56,9.7,4,2.62,1,0
99,no,no,0,142.3,89,24.19,204.5,95,17.38,203.1,114,9.14,9.1,1,2.46,0,0
65,no,no,0,105.7,95,17.97,141.8,100,12.05,180.5,105,8.12,6.6,12,1.78,2,0
37,no,yes,20,264.7,81,45,216.5,110,18.4,210.7,102,9.48,10.4,7,2.81,0,0
127,yes,yes,28,95.9,117,16.3,159.5,131,13.56,152.8,132,6.88,10.4,3,2.81,1,0
55,no,no,0,119.7,148,20.35,231.8,96,19.7,222.3,113,10,4.6,2,1.24,2,0
176,no,no,0,250.9,108,42.65,171.4,100,14.57,148.6,85,6.69,9.6,6,2.59,2,0
11,no,yes,38,209.8,130,35.67,196.6,84,16.71,233,79,10.49,7,7,1.89,1,0
48,no,yes,34,198,70,33.66,273.7,121,23.26,217.9,71,9.81,7.6,4,2.05,1,0
122,no,no,0,136.7,115,23.24,243.1,137,20.66,188.9,110,8.5,8.6,4,2.32,0,0
113,yes,no,0,204.3,82,34.73,188.8,115,16.05,139.4,97,6.27,9.2,7,2.48,1,0
79,no,no,0,222.3,99,37.79,146.2,82,12.43,275.6,82,12.4,8.9,4,2.4,3,0
55,no,yes,8,222.5,104,37.83,171.5,94,14.58,377.5,114,16.99,9.7,2,2.62,1,0
111,no,yes,28,128.8,104,21.9,157.3,52,13.37,147.4,76,6.63,10.3,2,2.78,2,0
110,no,no,0,242.5,110,41.23,162.3,140,13.8,184.1,86,8.28,7.8,3,2.11,4,0
101,no,yes,33,219.7,137,37.35,186.8,94,15.88,184.5,113,8.3,9.5,2,2.57,2,0
118,no,no,0,133.4,113,22.68,121,92,10.29,254.7,129,11.46,5.9,4,1.59,1,0
125,no,no,0,137.1,94,23.31,209.8,83,17.83,238.4,114,10.73,8.6,4,2.32,1,0
95,no,no,0,197,88,33.49,190.4,68,16.18,211.9,104,9.54,16.1,8,4.35,0,0
80,no,no,0,198.1,160,33.68,156.7,87,13.32,182.1,76,8.19,9.3,3,2.51,3,0
37,no,no,0,199.5,107,33.92,207.5,110,17.64,83.9,123,3.78,8.1,4,2.19,2,0
123,no,yes,27,218.7,79,37.18,163.4,78,13.89,173.8,116,7.82,15,1,4.05,0,0
140,no,no,0,112.8,89,19.18,156.7,65,13.32,249.6,85,11.23,16.3,6,4.4,0,0
66,no,yes,16,174.7,92,29.7,232.1,105,19.73,305.4,98,13.74,8.9,2,2.4,1,0
78,no,no,0,87,102,14.79,193.6,64,16.46,205.8,120,9.26,11,5,2.97,0,0
6,no,no,0,226.5,93,38.51,152.1,122,12.93,164.4,98,7.4,9.4,4,2.54,3,0
107,yes,no,0,133.3,106,22.66,182.9,89,15.55,241.1,123,10.85,12.9,2,3.48,3,1
138,no,no,0,133.9,87,22.76,166.4,110,14.14,193.5,139,8.71,15.4,3,4.16,1,0
103,no,no,0,160.2,104,27.23,138.9,70,11.81,312.5,97,14.06,9.7,2,2.62,0,0
116,no,yes,44,230.6,94,39.2,224.1,103,19.05,244,76,10.98,11.1,2,3,0,0
1,no,no,0,196.1,107,33.34,296.5,82,25.2,211.5,91,9.52,7,2,1.89,1,0
86,no,no,0,136.4,104,23.19,202.5,110,17.21,230.7,86,10.38,11.5,1,3.11,3,0
64,no,yes,40,210,116,35.7,232.7,89,19.78,168.8,94,7.6,5.9,4,1.59,8,0
163,no,no,0,223,120,37.91,227,98,19.3,188.3,125,8.47,8.8,5,2.38,1,0
93,no,no,0,152.4,74,25.91,274.6,88,23.34,252.2,120,11.35,6.6,5,1.78,3,0
92,no,no,0,265.6,82,45.15,180.7,75,15.36,211.1,113,9.5,8.6,2,2.32,1,0
70,no,no,0,197.3,91,33.54,305.8,81,25.99,171,105,7.69,6.7,6,1.81,1,0
104,no,no,0,139.7,78,23.75,202.6,119,17.22,203.6,102,9.16,11.3,5,3.05,2,0
134,no,no,0,177.2,91,30.12,228.7,105,19.44,194.3,113,8.74,8.9,3,2.4,2,0
108,no,yes,35,169.8,136,28.87,173.7,101,14.76,214.6,105,9.66,9.5,7,2.57,2,0
103,no,no,0,173.5,83,29.5,244.3,65,20.77,221.6,66,9.97,9.7,2,2.62,3,0
138,yes,no,0,46.5,104,7.91,186,114,15.81,167.5,95,7.54,9.6,4,2.59,4,1
127,yes,no,0,242.2,102,41.17,226.1,80,19.22,252,96,11.34,13.9,5,3.75,2,1
99,no,no,0,222.4,102,37.81,185.8,89,15.79,237.7,81,10.7,12,8,3.24,2,0
95,no,no,0,69.4,79,11.8,190.8,109,16.22,219.9,102,9.9,8.9,5,2.4,0,0
113,no,no,0,61.2,111,10.4,92.3,88,7.85,197.4,114,8.88,13.7,3,3.7,5,1
128,yes,no,0,245.2,112,41.68,101.5,101,8.63,152.3,116,6.85,10.7,5,2.89,0,0
117,no,no,0,102.3,100,17.39,135.2,104,11.49,199.7,93,8.99,15.7,10,4.24,3,0
107,no,yes,38,219.4,92,37.3,180.5,73,15.34,104.1,91,4.68,11,1,2.97,2,0
159,no,no,0,87.7,103,14.91,278.2,97,23.65,170.6,93,7.68,10.5,10,2.84,1,0
80,no,no,0,148.6,106,25.26,210.8,65,17.92,203.7,86,9.17,10,2,2.7,2,0
94,no,no,0,85.9,113,14.6,226.7,91,19.27,279.6,110,12.58,15.6,16,4.21,0,0
73,no,yes,31,194.4,104,33.05,176,84,14.96,230.1,110,10.35,11.5,3,3.11,0,0
127,no,yes,14,143.2,99,24.34,169.9,91,14.44,221.6,77,9.97,11.6,1,3.13,1,0
33,no,yes,35,161.9,85,27.52,151.2,82,12.85,191,131,8.59,8.5,2,2.3,1,0
120,no,yes,29,244.3,140,41.53,322.3,89,27.4,166.8,83,7.51,10.6,6,2.86,0,0
91,no,yes,34,175.3,96,29.8,262.3,122,22.3,143.9,76,6.48,5.6,11,1.51,1,0
94,no,no,0,163.5,136,27.8,143.7,111,12.21,253.4,82,11.4,12.6,5,3.4,1,0
30,no,no,0,137.6,108,23.39,162,80,13.77,187.7,126,8.45,5.8,10,1.57,3,0
83,no,no,0,178.8,102,30.4,167.9,84,14.27,178.9,65,8.05,8.6,4,2.32,3,0
115,no,yes,26,155.2,110,26.38,230.9,133,19.63,261.6,100,11.77,4.5,4,1.22,0,0
73,no,no,0,137.1,102,23.31,210.8,114,17.92,191.4,120,8.61,11.1,4,3,1,0
95,no,no,0,198.4,113,33.73,235.9,144,20.05,325.6,99,14.65,10.1,3,2.73,0,0
21,no,yes,19,132.7,94,22.56,204.6,101,17.39,154.7,78,6.96,12.9,7,3.48,3,0
163,no,yes,25,219.6,99,37.33,210.4,99,17.88,242.7,88,10.92,13.8,8,3.73,2,0
57,no,no,0,169.6,96,28.83,234.7,112,19.95,285.4,83,12.84,11.2,4,3.02,0,0
104,yes,no,0,160.4,73,27.27,293.9,103,24.98,306.6,90,13.8,12.6,5,3.4,4,0
83,no,yes,20,95,89,16.15,167.9,92,14.27,200.6,79,9.03,11.2,2,3.02,0,0
149,no,no,0,119.2,88,20.26,168.3,110,14.31,204.7,119,9.21,12.2,6,3.29,4,1
138,no,yes,21,19.5,149,3.32,140.9,109,11.98,179.7,111,8.09,7.9,1,2.13,0,0
117,no,no,0,184.8,83,31.42,248.6,101,21.13,133.1,113,5.99,9.6,8,2.59,1,0
130,no,no,0,176.3,140,29.97,201,104,17.09,161.9,123,7.29,11.3,5,3.05,1,0
133,no,no,0,187,65,31.79,141.4,128,12.02,238.2,108,10.72,10,8,2.7,2,0
87,no,no,0,204.8,101,34.82,161,80,13.69,285.7,89,12.86,9.5,3,2.57,0,0
66,no,no,0,154,133,26.18,198.9,121,16.91,151.9,100,6.84,9.5,3,2.57,4,1
54,yes,no,0,214.1,77,36.4,240.5,94,20.44,188.9,75,8.5,10.1,3,2.73,1,0
99,no,no,0,54.8,92,9.32,173,103,14.71,195.1,125,8.78,7.5,3,2.03,1,0
107,no,no,0,134,104,22.78,174.5,94,14.83,311.1,79,14,7.3,3,1.97,3,0
95,no,yes,36,283.1,112,48.13,286.2,86,24.33,261.7,129,11.78,11.3,3,3.05,3,0
173,no,no,0,291.8,143,49.61,214.3,134,18.22,151.2,119,6.8,9.9,2,2.67,0,1
110,no,no,0,222.7,94,37.86,105.8,98,8.99,214.8,78,9.67,13.5,4,3.65,1,0
102,no,no,0,174.5,79,29.67,236.8,136,20.13,270.4,110,12.17,8.5,5,2.3,0,0
130,no,no,0,68.4,86,11.63,193.3,110,16.43,171.5,139,7.72,10.4,4,2.81,0,0
176,no,yes,23,283.2,130,48.14,162.6,74,13.82,177.7,104,8,7.2,6,1.94,1,0
138,no,no,0,127.1,102,21.61,247.7,106,21.05,207.7,75,9.35,5,3,1.35,3,0
128,no,no,0,247.3,91,42.04,182.7,60,15.53,143.2,112,6.44,14.7,2,3.97,3,0
99,no,yes,33,179.1,93,30.45,238.3,102,20.26,165.7,96,7.46,10.6,1,2.86,2,0
106,no,yes,31,197.4,125,33.56,123.4,110,10.49,115.6,101,5.2,12.3,4,3.32,3,0
88,no,no,0,148.2,82,25.19,308.7,67,26.24,235.4,79,10.59,6.4,4,1.73,2,0
98,no,no,0,171.7,99,29.19,174.8,87,14.86,189.6,130,8.53,7.8,6,2.11,1,0
64,no,no,0,145.5,116,24.74,228.4,110,19.41,273.4,91,12.3,8.9,8,2.4,1,0
96,no,yes,29,150,91,25.5,159.4,75,13.55,228.1,55,10.26,8.5,3,2.3,1,0
163,no,yes,40,231.9,56,39.42,211.8,91,18,268.5,74,12.08,12.3,3,3.32,2,0
123,no,yes,27,198.7,127,33.78,249,105,21.17,173.2,124,7.79,12.5,5,3.38,1,0
99,no,no,0,115.5,75,19.64,218.1,111,18.54,254.9,98,11.47,11.5,7,3.11,7,1
34,no,no,0,293.7,89,49.93,272.5,71,23.16,178.2,76,8.02,11,10,2.97,2,1
96,no,yes,26,175.8,96,29.89,206.6,84,17.56,178,105,8.01,11.1,2,3,2,0
144,no,no,0,278.5,95,47.35,240.7,90,20.46,120,90,5.4,11.6,5,3.13,1,1
54,no,no,0,273.8,113,46.55,119.6,156,10.17,267.6,117,12.04,11.7,3,3.16,1,0
92,no,yes,23,167.4,83,28.46,258.6,129,21.98,116.4,110,5.24,11.2,3,3.02,4,0
138,yes,yes,17,225.2,116,38.28,173.4,88,14.74,145.8,99,6.56,11.7,4,3.16,0,0
102,no,no,0,174.5,73,29.67,213.7,114,18.16,164.7,116,7.41,10.3,5,2.78,4,0
76,no,no,0,129.7,84,22.05,177.5,80,15.09,228.9,87,10.3,7.5,3,2.03,5,1
36,no,yes,25,152.8,110,25.98,242.8,67,20.64,147.4,74,6.63,9.1,2,2.46,1,0
70,no,no,0,129.9,102,22.08,208.7,133,17.74,231.4,93,10.41,14.3,3,3.86,1,0
109,yes,no,0,268.4,85,45.63,150.6,131,12.8,297.9,84,13.41,9.7,8,2.62,2,1
104,no,no,0,170.6,97,29,162.1,111,13.78,210.7,131,9.48,6.1,1,1.65,1,0
106,no,no,0,191.4,124,32.54,200.7,116,17.06,230.1,76,10.35,8.2,3,2.21,1,0
84,no,no,0,75.3,96,12.8,179.9,113,15.29,193.8,134,8.72,12.3,1,3.32,1,0
105,no,no,0,101.4,48,17.24,159.1,119,13.52,259.2,53,11.66,12.2,2,3.29,1,0
111,no,yes,36,96.8,123,16.46,170.6,105,14.5,166,85,7.47,13.4,4,3.62,2,0
161,no,no,0,107.5,121,18.28,256.4,46,21.79,247.2,131,11.12,12.6,3,3.4,2,0
70,no,no,0,232.8,95,39.58,303.4,111,25.79,255.6,104,11.5,12.9,7,3.48,0,1
97,no,yes,43,121.1,105,20.59,260.2,115,22.12,222.4,100,10.01,8.3,5,2.24,3,0
80,no,no,0,268.7,120,45.68,301,147,25.59,167,140,7.52,5.8,1,1.57,2,1
35,no,no,0,260.8,87,44.34,258.1,78,21.94,131.3,123,5.91,5.8,2,1.57,1,0
120,no,yes,26,239.4,94,40.7,259.4,88,22.05,238,132,10.71,7.7,3,2.08,0,0
60,no,no,0,179.3,147,30.48,208.9,89,17.76,248.2,98,11.17,13.5,6,3.65,1,1
120,no,no,0,158,110,26.86,197,103,16.75,154.9,132,6.97,10,5,2.7,1,0
71,no,yes,23,175.7,82,29.87,258.9,136,22.01,268.4,154,12.08,14.1,7,3.81,1,0
63,no,no,0,142.5,92,24.23,208.3,102,17.71,228.9,120,10.3,7.5,2,2.03,2,0
80,yes,yes,15,159.3,110,27.08,170.6,120,14.5,141.2,82,6.35,11.9,5,3.21,1,0
134,no,no,0,202.7,105,34.46,224.9,90,19.12,253.9,108,11.43,12.1,7,3.27,0,0
66,no,yes,35,190.8,100,32.44,261.3,93,22.21,209.5,108,9.43,8.9,6,2.4,0,0
93,no,yes,42,166.9,101,28.37,273.2,84,23.22,171,106,7.69,11.5,1,3.11,1,0
111,no,no,0,132.6,125,22.54,221.1,67,18.79,127.9,101,5.76,12.7,2,3.43,4,1
59,no,no,0,153.6,92,26.11,205.5,88,17.47,114.5,89,5.15,12.5,10,3.38,1,0
142,no,yes,24,239.8,103,40.77,285.9,65,24.3,256.7,106,11.55,9.5,4,2.57,0,0
149,no,no,0,242.5,83,41.23,245.4,97,20.86,219.6,80,9.88,10,3,2.7,3,1
54,no,yes,39,117.6,82,19.99,159.2,60,13.53,236.4,113,10.64,11.3,10,3.05,2,0
112,no,no,0,174.5,127,29.67,259.3,71,22.04,170.5,120,7.67,11.3,7,3.05,1,0
201,no,yes,21,192,97,32.64,239.1,81,20.32,116.1,125,5.22,15.1,3,4.08,1,0
85,no,yes,29,144.6,97,24.58,140,102,11.9,165.4,148,7.44,10.9,3,2.94,1,0
116,no,no,0,160.7,69,27.32,146.8,106,12.48,287.8,144,12.95,8.2,5,2.21,0,0
133,no,no,0,227.4,90,38.66,73.2,135,6.22,114.3,99,5.14,4.7,7,1.27,0,0
72,no,no,0,138.9,111,23.61,211.6,102,17.99,179.5,91,8.08,10.8,3,2.92,1,0
160,no,yes,29,164.6,121,27.98,262.8,108,22.34,123.8,131,5.57,15.2,4,4.1,1,0
92,no,yes,47,141.6,95,24.07,207.9,130,17.67,203.6,95,9.16,10.2,11,2.75,0,0
59,no,no,0,204.3,65,34.73,247.3,123,21.02,214.7,94,9.66,12,4,3.24,1,0
21,no,no,0,225,110,38.25,244.2,111,20.76,221.2,93,9.95,10.7,4,2.89,0,0
93,no,no,0,176.1,103,29.94,199.7,130,16.97,263.9,96,11.88,8.5,6,2.3,2,0
147,no,yes,36,254.2,78,43.21,228.1,105,19.39,98,125,4.41,13.8,7,3.73,5,0
125,yes,no,0,187.3,118,31.84,160.7,111,13.66,263.8,112,11.87,9.6,2,2.59,0,1
107,no,no,0,241.9,102,41.12,126.9,117,10.79,185.6,92,8.35,11.7,6,3.16,0,0
156,yes,no,0,277,119,47.09,238.3,106,20.26,94.4,96,4.25,8.3,3,2.24,1,0
89,no,no,0,192.1,83,32.66,163.6,88,13.91,169.7,138,7.64,6.1,3,1.65,0,0
72,no,no,0,198.4,147,33.73,216.9,121,18.44,112.8,125,5.08,13.1,4,3.54,0,0
78,no,no,0,139.2,140,23.66,191.4,113,16.27,286.5,125,12.89,11.8,3,3.19,3,0
56,no,no,0,121.6,84,20.67,165.3,115,14.05,243.9,95,10.98,8.9,2,2.4,1,0
123,no,yes,39,270.4,99,45.97,245.1,110,20.83,108.9,113,4.9,15.4,7,4.16,1,0
127,no,no,0,139.6,94,23.73,240.9,112,20.48,127.1,88,5.72,8.8,4,2.38,2,0
138,no,yes,26,183.9,83,31.26,240.7,93,20.46,185.7,125,8.36,15,3,4.05,1,0
89,no,yes,25,215.1,140,36.57,197.4,69,16.78,162.1,117,7.29,10.6,10,2.86,1,0
138,no,yes,29,190.1,87,32.32,223.2,123,18.97,256.2,130,11.53,14.2,6,3.83,0,0
141,no,yes,37,185.4,87,31.52,178.5,128,15.17,218.3,107,9.82,8,3,2.16,4,0
1,no,yes,26,208,115,35.36,185,113,15.73,177.7,144,8,8.1,9,2.19,1,0
70,no,no,0,230.3,110,39.15,77.9,87,6.62,247.1,105,11.12,13.2,4,3.56,1,0
87,no,yes,22,240.8,102,40.94,75.9,106,6.45,224.6,115,10.11,7.1,3,1.92,2,0
77,no,yes,28,135.9,117,23.1,244.5,102,20.78,207.5,74,9.34,11.5,3,3.11,4,1
85,no,no,0,165.8,96,28.19,190,141,16.15,144,116,6.48,10.9,3,2.94,5,1
172,no,no,0,172.5,85,29.33,253.1,71,21.51,221.6,113,9.97,5.9,6,1.59,0,0
80,no,no,0,199.8,138,33.97,167.1,91,14.2,271.8,94,12.23,5.5,4,1.49,1,0
116,no,no,0,164.6,110,27.98,270.6,103,23,230.4,109,10.37,8,3,2.16,0,0
133,yes,no,0,254.7,103,43.3,252.2,80,21.44,178.1,103,8.01,8,3,2.16,0,1
94,yes,no,0,170.1,113,28.92,271.8,94,23.1,110.7,78,4.98,8.7,4,2.35,1,0
43,no,no,0,179.3,97,30.48,252.7,126,21.48,227.5,114,10.24,8,5,2.16,0,0
69,no,no,0,185.3,91,31.5,219.1,88,18.62,243.6,107,10.96,5.5,5,1.49,0,0
107,no,yes,25,248.6,91,42.26,119.3,115,10.14,194.3,83,8.74,12,1,3.24,1,0
99,no,no,0,145.6,102,24.75,230.9,87,19.63,181.5,86,8.17,11.4,7,3.08,1,0
46,no,no,0,164.2,116,27.91,196.2,153,16.68,236.1,119,10.62,8.1,1,2.19,1,0
39,no,no,0,295.4,126,50.22,232.1,117,19.73,204.4,123,9.2,11.5,2,3.11,1,1
92,no,no,0,139.8,98,23.77,174.9,143,14.87,201.6,135,9.07,9.4,7,2.54,2,0
56,no,no,0,162.3,99,27.59,149.1,78,12.67,255.5,115,11.5,14.8,1,4,4,1
51,yes,yes,12,135.8,60,23.09,200.6,134,17.05,192.4,98,8.66,12.3,7,3.32,2,0
105,yes,yes,28,156.1,89,26.54,107.1,114,9.1,167.7,95,7.55,14.7,3,3.97,0,1
91,no,no,0,153,123,26.01,141.1,127,11.99,171.5,76,7.72,10.3,15,2.78,1,1
146,no,no,0,205.4,101,34.92,134.9,77,11.47,310.5,83,13.97,10.3,2,2.78,3,0
68,no,no,0,249.9,127,42.48,254.5,118,21.63,273.2,98,12.29,8.9,6,2.4,2,1
86,no,yes,29,225.4,79,38.32,187.1,112,15.9,281.1,112,12.65,12.9,3,3.48,1,0
134,no,yes,40,142.9,105,24.29,88.6,61,7.53,290,96,13.05,10.8,6,2.92,1,0
132,no,no,0,206.2,100,35.05,211.2,118,17.95,196.2,122,8.83,10.2,6,2.75,1,0
85,no,no,0,210.3,66,35.75,195.8,76,16.64,221.6,82,9.97,11.2,7,3.02,1,0
93,yes,yes,38,225.7,117,38.37,119.6,122,10.17,193.2,125,8.69,14,7,3.78,1,1
174,no,yes,33,167.8,91,28.53,205.3,91,17.45,130,132,5.85,14.5,4,3.92,4,1
61,no,no,0,197.7,118,33.61,152.2,96,12.94,221,93,9.95,7,3,1.89,2,0
91,no,yes,39,169.8,105,28.87,65.2,116,5.54,144.4,92,6.5,10.9,4,2.94,1,0
195,no,yes,36,231.7,110,39.39,225.1,88,19.13,201.7,89,9.08,12.1,2,3.27,0,0
182,no,no,0,69.1,114,11.75,230.3,109,19.58,256.7,96,11.55,6.5,4,1.76,0,0
103,no,no,0,150.6,125,25.6,169.1,126,14.37,221.2,104,9.95,10.4,8,2.81,8,1
61,no,yes,25,163.7,78,27.83,113.2,112,9.62,134.1,118,6.03,9.9,3,2.67,3,0
113,no,no,0,150.1,120,25.52,200.1,85,17.01,266.7,105,12,11,3,2.97,2,0
177,no,no,0,189.5,99,32.22,176.3,117,14.99,225.9,112,10.17,14.2,2,3.83,1,0
67,no,no,0,215.5,102,36.64,190.7,95,16.21,214.5,106,9.65,8.6,6,2.32,1,0
71,no,no,0,258.4,132,43.93,126.8,119,10.78,182.4,87,8.21,9.7,8,2.62,4,0
134,no,no,0,242.4,126,41.21,152.9,115,13,318.3,115,14.32,11.8,6,3.19,1,0
39,no,no,0,154.1,104,26.2,204.2,112,17.36,196.2,92,8.83,9.8,4,2.65,2,0
102,no,no,0,103.1,70,17.53,275,129,23.38,141.1,92,6.35,11.2,5,3.02,1,0
70,no,no,0,175.4,130,29.82,159.5,130,13.56,260.6,96,11.73,11.6,4,3.13,0,0
142,no,no,0,145.4,93,24.72,209.1,98,17.77,214,96,9.63,10.9,1,2.94,1,0
119,no,no,0,260.1,101,44.22,256.5,68,21.8,229.1,89,10.31,10,2,2.7,1,1
108,yes,yes,42,130.1,90,22.12,167,128,14.2,244.7,80,11.01,13.6,5,3.67,3,1
145,no,no,0,199.2,124,33.86,126,86,10.71,289.2,135,13.01,7.6,3,2.05,1,0
42,no,no,0,184.5,98,31.37,200.5,93,17.04,279.2,91,12.56,8.8,3,2.38,2,0
48,no,no,0,198.2,73,33.69,202.8,115,17.24,146.4,73,6.59,5.1,5,1.38,1,0
76,no,no,0,186.1,96,31.64,211.6,100,17.99,230.6,100,10.38,8,4,2.16,0,0
128,no,no,0,148.5,105,25.25,243,106,20.66,255.2,114,11.48,6.8,2,1.84,1,0
52,no,no,0,155,110,26.35,133.4,104,11.34,176.1,84,7.92,7,4,1.89,4,1
71,no,no,0,238,82,40.46,278.5,94,23.67,193.1,134,8.69,11.8,10,3.19,0,1
107,no,yes,30,198.9,87,33.81,207,90,17.6,159.8,76,7.19,12.6,4,3.4,3,0
147,no,no,0,212.8,79,36.18,204.1,91,17.35,156.2,113,7.03,10.2,2,2.75,1,0
116,no,no,0,137.4,126,23.36,120,94,10.2,130.3,64,5.86,12.4,2,3.35,3,0
60,no,yes,31,191.8,75,32.61,267.8,135,22.76,200.5,62,9.02,12.8,3,3.46,2,0
38,no,no,0,149,92,25.33,49.2,78,4.18,163.3,93,7.35,13.9,11,3.75,0,0
63,no,no,0,117.1,118,19.91,249.6,90,21.22,162.2,84,7.3,11.1,4,3,3,0
94,no,no,0,108,79,18.36,241.9,152,20.56,252.1,92,11.34,10.4,3,2.81,3,0
131,no,no,0,112.8,133,19.18,199.4,116,16.95,142.7,105,6.42,10.1,5,2.73,0,0
158,no,no,0,175.9,105,29.9,188.3,88,16.01,188.3,98,8.47,11,6,2.97,1,0
139,no,no,0,236.6,109,40.22,169.9,107,14.44,212.3,118,9.55,11.1,2,3,1,1
77,no,no,0,169.4,102,28.8,184.9,144,15.72,234.3,89,10.54,2,7,0.54,1,0
124,no,no,0,150.3,101,25.55,255.9,112,21.75,136.7,62,6.15,12.5,4,3.38,2,0
99,no,no,0,140.7,88,23.92,210.9,98,17.93,229.9,125,10.35,12.4,4,3.35,2,0
89,no,no,0,179.7,128,30.55,299.8,92,25.48,185.3,120,8.34,7.6,3,2.05,1,0
85,no,no,0,96.7,97,16.44,193.8,95,16.47,171.7,88,7.73,9.7,3,2.62,2,0
160,no,no,0,82.7,116,14.06,194.6,95,16.54,159,54,7.15,10.9,9,2.94,0,0
73,no,no,0,286.4,109,48.69,178.2,67,15.15,214.2,152,9.64,10.7,14,2.89,1,1
77,no,no,0,175.5,86,29.84,205.1,78,17.43,245.2,100,11.03,17.8,3,4.81,4,0
119,no,no,0,133.4,102,22.68,204.6,71,17.39,196.9,103,8.86,11.1,7,3,1,0
86,no,yes,33,253.1,112,43.03,210.1,94,17.86,95,98,4.27,11.9,4,3.21,3,0
82,no,no,0,130,110,22.1,185.3,88,15.75,178.7,105,8.04,8.3,4,2.24,0,0
134,no,no,0,183.8,111,31.25,123.5,92,10.5,160.7,105,7.23,6.1,2,1.65,1,0
87,no,no,0,184.5,81,31.37,172,103,14.62,183.4,96,8.25,13.7,3,3.7,3,0
80,no,no,0,202.4,118,34.41,260.2,67,22.12,177.4,112,7.98,9.2,5,2.48,3,0
165,no,yes,39,167.4,113,28.46,172.7,94,14.68,192.6,113,8.67,9.5,4,2.57,3,0
41,no,yes,30,191.7,109,32.59,193,86,16.41,149.4,93,6.72,11.1,4,3,1,0
104,no,yes,26,189.1,112,32.15,178.2,97,15.15,199.3,104,8.97,11.1,4,3,1,0
115,no,no,0,127.7,67,21.71,182.9,90,15.55,172.9,92,7.78,10.6,7,2.86,1,0
69,no,no,0,153.7,109,26.13,194,105,16.49,256.1,114,11.52,14.1,6,3.81,1,0
87,yes,yes,36,171.2,138,29.1,185.8,102,15.79,227.6,97,10.24,10.8,3,2.92,1,0
154,yes,no,0,145.9,69,24.8,208.2,141,17.7,180.9,106,8.14,14.4,10,3.89,0,1
162,no,no,0,217.6,87,36.99,279,71,23.72,250.7,65,11.28,10.4,4,2.81,2,1
81,no,no,0,203.5,89,34.6,289.6,69,24.62,212.9,71,9.58,8.7,3,2.35,3,0
86,no,no,0,83.8,121,14.25,240.2,96,20.42,158.6,108,7.14,6.7,8,1.81,1,0
136,no,no,0,269.8,106,45.87,228.8,101,19.45,257.5,106,11.59,10.1,8,2.73,1,1
105,no,yes,15,88.1,125,14.98,175.9,142,14.95,269.9,85,12.15,9.7,1,2.62,2,0
64,no,no,0,124.1,117,21.1,192.8,108,16.39,162.9,84,7.33,6.4,5,1.73,3,0
80,yes,yes,30,184.2,132,31.31,167.5,109,14.24,212.8,114,9.58,10,10,2.7,0,0
120,no,no,0,149.2,98,25.36,193.6,88,16.46,248.9,119,11.2,11.1,5,3,1,0
103,no,no,0,206.5,125,35.11,180.2,113,15.32,220.6,95,9.93,12.2,4,3.29,3,0
164,no,yes,27,159.7,102,27.15,168.8,113,14.35,244.1,127,10.98,9.6,9,2.59,3,0
101,no,no,0,136.2,92,23.15,220.9,110,18.78,196.9,116,8.86,13.3,7,3.59,3,0
9,no,yes,16,88.5,87,15.05,178.8,108,15.2,228.7,96,10.29,11.5,3,3.11,2,0
97,no,no,0,215.3,58,36.6,242.4,91,20.6,279.8,105,12.59,12.1,9,3.27,0,0
94,no,no,0,269.2,104,45.76,193.8,144,16.47,257.6,61,11.59,8.9,2,2.4,3,1
53,no,no,0,261.2,119,44.4,250.8,105,21.32,176,112,7.92,9.8,2,2.65,0,1
73,no,yes,28,198.2,107,33.69,139.1,123,11.82,199.1,139,8.96,8.8,1,2.38,2,0
109,no,no,0,200.1,72,34.02,300.9,120,25.58,236,68,10.62,11.9,5,3.21,0,0
52,no,no,0,148.3,83,25.21,181.6,79,15.44,155.6,104,7,8.3,6,2.24,3,0
48,no,no,0,210.8,84,35.84,189.6,98,16.12,157.6,99,7.09,16.4,3,4.43,2,0
106,no,yes,37,223.5,104,38,235.1,99,19.98,140.1,90,6.3,10.6,5,2.86,2,0
141,no,no,0,192.4,111,32.71,156.9,87,13.34,175.8,82,7.91,11,6,2.97,0,0
98,no,no,0,236.2,122,40.15,189.4,110,16.1,153.6,104,6.91,13.3,4,3.59,0,0
94,no,yes,28,233.2,88,39.64,113.3,102,9.63,118,71,5.31,16.1,4,4.35,0,0
71,no,no,0,290.4,108,49.37,253.9,92,21.58,263.3,126,11.85,10.1,5,2.73,3,1
112,no,yes,30,60.6,113,10.3,165.9,96,14.1,132.8,99,5.98,13.3,7,3.59,0,0
111,no,no,0,246.5,108,41.91,216.3,89,18.39,179.6,99,8.08,12.7,3,3.43,2,0
105,no,no,0,119.3,82,20.28,185.1,111,15.73,157,74,7.07,10.9,4,2.94,2,0
40,no,no,0,242.5,82,41.23,232.9,97,19.8,154,86,6.93,9.6,7,2.59,0,0
122,no,no,0,144.2,87,24.51,212.2,74,18.04,169.3,87,7.62,9.5,4,2.57,0,0
60,no,no,0,289.8,101,49.27,255.6,115,21.73,242.8,76,10.93,11.7,4,3.16,2,1
123,no,no,0,260.9,85,44.35,168.5,103,14.32,178.3,91,8.02,13.3,5,3.59,3,0
111,no,no,0,222.2,96,37.77,162.5,111,13.81,184.9,120,8.32,11.9,7,3.21,4,0
111,no,no,0,249.8,109,42.47,242.4,106,20.6,231.8,78,10.43,11.6,4,3.13,0,1
69,no,yes,27,268.8,78,45.7,246.6,89,20.96,271.9,102,12.24,16.4,3,4.43,0,0
43,no,no,0,27,117,4.59,160.9,97,13.68,279.5,96,12.58,10.7,3,2.89,3,0
127,no,yes,27,140.1,59,23.82,223.4,111,18.99,257.9,73,11.61,3.8,10,1.03,1,0
146,no,yes,23,149.6,96,25.43,239.8,124,20.38,293.5,135,13.21,7.4,4,2,2,0
52,no,yes,31,142.1,77,24.16,193,97,16.41,253.4,88,11.4,11,4,2.97,1,0
129,no,yes,31,193,99,32.81,224.8,87,19.11,197.6,91,8.89,10.3,8,2.78,2,0
100,no,no,0,160.3,138,27.25,221.3,92,18.81,150.4,120,6.77,11.2,2,3.02,0,0
43,no,no,0,199.9,108,33.98,288.4,80,24.51,180.6,103,8.13,11.3,7,3.05,1,0
124,no,no,0,178.3,102,30.31,235,120,19.98,239.7,119,10.79,10.9,1,2.94,3,0
100,no,no,0,96.5,86,16.41,210.2,133,17.87,146.4,106,6.59,12.5,3,3.38,1,1
105,no,no,0,193.7,108,32.93,183.2,124,15.57,293.7,72,13.22,10.8,5,2.92,1,0
96,no,no,0,144,102,24.48,224.7,73,19.1,227.7,91,10.25,10,7,2.7,1,0
212,no,no,0,226,127,38.42,304.6,83,25.89,181.2,132,8.15,12.6,4,3.4,2,1
155,yes,yes,26,211.7,121,35.99,139.2,123,11.83,146.7,89,6.6,11.1,3,3,1,0
89,no,no,0,89.7,80,15.25,179.8,81,15.28,145.7,120,6.56,9.5,4,2.57,2,0
75,no,no,0,224.7,116,38.2,192,79,16.32,212.2,98,9.55,11.3,11,3.05,3,0
166,yes,no,0,47.7,89,8.11,264.4,95,22.47,235.2,97,10.58,13.2,3,3.56,0,1
132,no,no,0,190.1,105,32.32,182.2,116,15.49,279.8,105,12.59,13,2,3.51,1,0
94,yes,no,0,89.5,94,15.22,339.9,106,28.89,172.9,76,7.78,7.9,1,2.13,1,1
119,no,no,0,231.5,82,39.36,266.9,97,22.69,211,118,9.49,7.4,10,2,1,0
115,yes,no,0,251.3,69,42.72,252.5,96,21.46,118.3,112,5.32,9.9,1,2.67,3,1
120,no,no,0,134.8,94,22.92,204.1,106,17.35,238.4,109,10.73,6.7,8,1.81,1,0
109,no,no,0,193.6,58,32.91,148.7,115,12.64,282.5,105,12.71,13.1,1,3.54,2,0
80,no,no,0,101.1,121,17.19,263.2,110,22.37,137.7,74,6.2,7.3,5,1.97,0,0
121,no,no,0,168.9,128,28.71,123.9,99,10.53,266.3,105,11.98,2.9,7,0.78,2,0
138,no,no,0,146.5,101,24.91,284.5,142,24.18,176,98,7.92,14,6,3.78,3,0
92,no,yes,31,172.3,116,29.29,266.2,91,22.63,228.2,90,10.27,11.8,5,3.19,1,0
167,no,no,0,169.2,124,28.76,173.3,108,14.73,216.5,64,9.74,12.4,4,3.35,4,1
127,no,no,0,96,117,16.32,177,68,15.05,162.2,127,7.3,9.7,4,2.62,3,0
113,no,no,0,90.6,130,15.4,170.6,100,14.5,137.4,74,6.18,5.4,9,1.46,1,0
78,no,no,0,152.9,81,25.99,256.6,82,21.81,173.6,112,7.81,5.3,6,1.43,2,0
68,no,yes,34,160,72,27.2,184.5,119,15.68,208.3,101,9.37,6.1,10,1.65,1,0
133,no,no,0,216.2,67,36.75,222.2,133,18.89,192,95,8.64,3.1,1,0.84,2,0
127,no,no,0,261.7,105,44.49,181.8,107,15.45,100.9,131,4.54,3.3,5,0.89,0,0
116,no,no,0,89.5,128,15.22,180.8,137,15.37,193.1,94,8.69,14,3,3.78,2,0
43,no,no,0,159.5,99,27.12,119.7,149,10.17,173.9,126,7.83,6.8,3,1.84,2,0
166,no,no,0,152.1,95,25.86,121,105,10.29,198,126,8.91,9.8,5,2.65,0,0
103,yes,no,0,171.7,78,29.19,144.5,86,12.28,157.9,106,7.11,6.8,3,1.84,3,0
13,no,no,0,303.2,133,51.54,170.5,86,14.49,227.6,80,10.24,11.5,3,3.11,0,1
137,no,yes,22,189.6,42,32.23,179,137,15.22,179.6,126,8.08,11.4,5,3.08,2,0
116,no,no,0,133.3,94,22.66,247.8,126,21.06,219,78,9.86,11.3,5,3.05,5,1
94,no,yes,28,92.7,107,15.76,127.8,86,10.86,225.6,86,10.15,9.9,4,2.67,3,0
87,no,no,0,177.2,72,30.12,248.9,105,21.16,200.8,87,9.04,8.6,7,2.32,3,0
134,no,no,0,204.7,108,34.8,143.1,105,12.16,165.8,84,7.46,11,4,2.97,6,0
68,no,no,0,143.6,80,24.41,134.3,65,11.42,215.6,84,9.7,15.5,5,4.19,2,0
120,no,no,0,137.3,100,23.34,212.2,129,18.04,152.7,92,6.87,10.5,2,2.84,1,0
83,no,yes,25,191.3,95,32.52,250.7,136,21.31,249.4,86,11.22,17.6,5,4.75,2,0
89,no,no,0,137.9,96,23.44,192.6,63,16.37,255.7,125,11.51,11,5,2.97,1,0
127,no,no,0,224.3,112,38.13,185.7,103,15.78,159.4,83,7.17,10,1,2.7,2,0
61,no,no,0,267.1,104,45.41,180.4,131,15.33,230.6,106,10.38,17.3,4,4.67,1,1
22,no,no,0,181.8,108,30.91,198.6,148,16.88,206.6,96,9.3,9.3,3,2.51,2,0
119,no,no,0,134.9,70,22.93,211.5,74,17.98,188.5,105,8.48,11.3,6,3.05,1,0
80,no,no,0,194.8,116,33.12,209.9,93,17.84,194.1,100,8.73,12.8,3,3.46,0,0
152,no,yes,20,239.1,105,40.65,209.1,111,17.77,268.2,130,12.07,13.3,3,3.59,5,0
80,no,no,0,197.6,83,33.59,164.5,86,13.98,94,98,4.23,6.4,6,1.73,1,0
166,no,no,0,136.1,116,23.14,181.4,93,15.42,131.4,108,5.91,11.3,4,3.05,0,0
94,no,no,0,207,109,35.19,167.4,80,14.23,238.2,117,10.72,2.6,6,0.7,1,0
80,yes,no,0,276.5,122,47.01,195.6,79,16.63,210.3,78,9.46,7.2,3,1.94,1,1
210,no,yes,31,313.8,87,53.35,147.7,103,12.55,192.7,97,8.67,10.1,7,2.73,3,0
100,no,no,0,210.9,85,35.85,329.3,69,27.99,127.1,78,5.72,9.4,5,2.54,4,0
32,no,yes,26,243.5,137,41.4,236.8,108,20.13,173.3,149,7.8,9,9,2.43,1,0
18,no,no,0,197,97,33.49,203.7,107,17.31,202,105,9.09,8.7,3,2.35,3,0
126,no,yes,31,278,88,47.26,253.2,65,21.52,223.2,114,10.04,8.7,4,2.35,0,0
144,no,yes,37,219.9,102,37.38,222.1,77,18.88,118.5,111,5.33,10,4,2.7,1,0
146,no,no,0,195.9,86,33.3,228.6,82,19.43,303.5,94,13.66,12.2,4,3.29,3,0
74,no,no,0,124,102,21.08,262.1,101,22.28,268.2,98,12.07,11.7,2,3.16,2,0
68,no,no,0,178.7,61,30.38,252.3,84,21.45,255.7,76,11.51,8.4,4,2.27,1,0
107,no,yes,38,204.2,57,34.71,205.9,92,17.5,286.5,80,12.89,8.3,4,2.24,0,0
46,no,no,0,156.4,105,26.59,185.5,98,15.77,226.7,96,10.2,11.8,3,3.19,1,0
69,no,no,0,196.1,87,33.34,236.8,66,20.13,182.3,75,8.2,11.9,1,3.21,0,0
121,no,no,0,134.1,112,22.8,195.1,104,16.58,159.6,139,7.18,10.5,2,2.84,2,0
59,yes,yes,31,225,78,38.25,191.3,79,16.26,226.7,79,10.2,9.1,3,2.46,1,0
190,no,no,0,142.9,96,24.29,177.9,96,15.12,113.3,117,5.1,6.6,4,1.78,0,0
100,no,yes,27,221.7,100,37.69,236.1,70,20.07,192.7,91,8.67,8,4,2.16,0,0
104,no,no,0,144.5,107,24.57,180.5,85,15.34,226,94,10.17,17,6,4.59,2,0
205,no,no,0,49.9,123,8.48,150.7,81,12.81,188.2,67,8.47,10.1,4,2.73,2,0
93,no,yes,32,116.9,120,19.87,232.4,97,19.75,127.7,112,5.75,11,9,2.97,0,0
123,no,no,0,150,98,25.5,89.8,95,7.63,326,91,14.67,11.1,3,3,3,0
148,no,yes,25,230.7,102,39.22,233.8,109,19.87,215.8,90,9.71,13.5,2,3.65,3,0
141,no,no,0,151.5,104,25.76,242.2,114,20.59,304.2,109,13.69,10.8,2,2.92,1,0
56,no,no,0,146.1,57,24.84,196.2,97,16.68,310.1,110,13.95,9.2,3,2.48,0,0
160,no,no,0,256,111,43.52,187.4,61,15.93,119.1,81,5.36,11.5,4,3.11,3,0
42,no,no,0,150.7,52,25.62,246.7,96,20.97,103.8,118,4.67,7,4,1.89,2,0
106,no,no,0,212.9,110,36.19,187,69,15.9,128.1,71,5.76,6.3,3,1.7,3,0
106,no,no,0,194.8,133,33.12,213.4,73,18.14,190.8,92,8.59,11.5,7,3.11,0,0
110,no,no,0,135.1,109,22.97,205.2,99,17.44,166.3,119,7.48,11.7,4,3.16,1,0
109,no,yes,35,230.5,116,39.19,265.8,130,22.59,269.7,69,12.14,10.6,6,2.86,5,0
31,no,no,0,165.4,84,28.12,203.7,107,17.31,201.7,65,9.08,8.2,1,2.21,1,0
124,no,no,0,143.3,120,24.36,230.7,111,19.61,214.3,91,9.64,7.8,2,2.11,4,1
82,no,no,0,167.1,77,28.41,131.8,79,11.2,187.4,98,8.43,9.4,1,2.54,6,1
119,no,no,0,98.8,97,16.8,146.9,68,12.49,190.7,105,8.58,10,4,2.7,3,0
139,no,no,0,181.6,119,30.87,335.7,118,28.53,149.8,64,6.74,8.3,6,2.24,4,0
84,no,no,0,86,83,14.62,260.7,86,22.16,98.6,109,4.44,8.9,4,2.4,1,0
95,no,no,0,183.4,98,31.18,281.3,95,23.91,105.2,113,4.73,8.2,8,2.21,1,0
98,no,no,0,288.1,101,48.98,137.9,93,11.72,206.5,88,9.29,0,0,0,0,0
114,no,no,0,169.2,96,28.76,149.9,83,12.74,196.9,119,8.86,4.6,4,1.24,2,0
176,no,no,0,169.5,151,28.82,112.9,84,9.6,56.6,99,2.55,8.7,4,2.35,0,0
152,no,no,0,141.5,102,24.06,263,94,22.36,207.1,113,9.32,3.4,4,0.92,2,0
118,no,no,0,154.8,71,26.32,244,73,20.74,159.6,81,7.18,12.8,4,3.46,0,0
101,yes,no,0,133.5,51,22.7,219.6,96,18.67,210,74,9.45,11.7,4,3.16,1,0
118,no,no,0,224.6,94,38.18,225.9,120,19.2,269,105,12.11,12.5,8,3.38,2,0
105,no,no,0,273.8,97,46.55,289.7,106,24.62,269.1,126,12.11,5.8,3,1.57,2,1
68,no,no,0,222.1,107,37.76,199.4,102,16.95,162.4,107,7.31,9.4,3,2.54,2,0
101,no,no,0,217.7,118,37.01,231.7,128,19.69,185.3,128,8.34,0,0,0,3,0
54,no,yes,33,161.8,73,27.51,273,58,23.21,153.9,76,6.93,13.7,4,3.7,0,0
112,no,no,0,174.3,123,29.63,140.2,124,11.92,215.4,89,9.69,9,6,2.43,4,1
51,no,no,0,51.8,107,8.81,230.2,104,19.57,227.5,118,10.24,10.4,4,2.81,2,0
42,no,no,0,303.9,106,51.66,232.2,54,19.74,147.1,76,6.62,5.8,3,1.57,1,1
112,no,no,0,206.2,122,35.05,164.5,94,13.98,140.3,101,6.31,12.6,7,3.4,3,0
64,no,yes,22,200.4,80,34.07,131.1,84,11.14,230.7,67,10.38,7.6,5,2.05,1,0
123,no,no,0,154.3,107,26.23,183,111,15.56,54,134,2.43,10.9,8,2.94,0,0
68,no,yes,30,122.9,93,20.89,233.5,91,19.85,199.5,144,8.98,9.6,2,2.59,2,0
132,no,no,0,214.6,78,36.48,251.7,98,21.39,240.8,88,10.84,13.9,2,3.75,0,0
120,yes,no,0,202,123,34.34,184.3,78,15.67,176,89,7.92,7.4,2,2,2,1
130,no,yes,19,152.9,87,25.99,213.2,99,18.12,205.3,114,9.24,10.8,6,2.92,2,0
57,no,no,0,189.3,157,32.18,174.9,70,14.87,221.9,117,9.99,11.2,5,3.02,3,0
56,no,no,0,210.4,80,35.77,176.6,96,15.01,149.7,56,6.74,15.5,4,4.19,1,0
114,no,no,0,147.1,119,25.01,161,111,13.69,275.9,106,12.42,9,3,2.43,5,1
120,no,no,0,98.2,99,16.69,186.7,85,15.87,146.7,96,6.6,9.3,4,2.51,2,0
115,no,no,0,210.6,120,35.8,153.1,84,13.01,262.2,79,11.8,11,5,2.97,0,0
37,no,no,0,239.9,120,40.78,261.6,88,22.24,207.1,88,9.32,8.9,4,2.4,2,1
55,no,yes,28,105.3,82,17.9,197.4,109,16.78,187.5,91,8.44,8.6,6,2.32,2,0
75,no,no,0,111.7,121,18.99,237.3,119,20.17,253.5,110,11.41,13.1,6,3.54,1,0
101,no,yes,21,238,88,40.46,209.6,84,17.82,233,95,10.49,10,5,2.7,2,0
120,no,yes,40,128.1,99,21.78,247.7,78,21.05,199.7,121,8.99,15.6,3,4.21,0,0
75,no,no,0,109,88,18.53,259.3,120,22.04,182.1,119,8.19,13.3,3,3.59,4,1
88,no,no,0,55.6,65,9.45,242.7,121,20.63,176.3,134,7.93,11.3,4,3.05,0,0
112,no,yes,23,286.6,79,48.72,315.3,102,26.8,193.9,101,8.73,10.3,6,2.78,1,0
177,no,no,0,175.7,120,29.87,168.6,90,14.33,198.9,110,8.95,14.6,4,3.94,1,0
118,no,no,0,205.2,115,34.88,184.8,137,15.71,176.1,115,7.92,7,6,1.89,0,0
111,no,yes,13,193.1,104,32.83,111.6,98,9.49,227.4,94,10.23,12.1,4,3.27,1,0
121,no,yes,31,263.1,70,44.73,279.3,118,23.74,127.1,143,5.72,9.7,4,2.62,5,0
125,no,no,0,169.3,90,28.78,156,138,13.26,210.8,106,9.49,11.6,6,3.13,2,0
138,no,no,0,251,119,42.67,91.2,96,7.75,142.2,87,6.4,13.8,3,3.73,3,0
119,no,no,0,230.4,117,39.17,225,101,19.13,198.5,111,8.93,7.6,6,2.05,3,0
45,no,no,0,96.1,103,16.34,246.8,134,20.98,229.7,92,10.34,9.7,4,2.62,1,0
129,no,no,0,101.4,145,17.24,249.1,116,21.17,157.6,107,7.09,7.1,6,1.92,1,0
142,no,no,0,232.5,74,39.53,181.8,142,15.45,203.1,86,9.14,10.4,6,2.81,4,0
130,no,yes,45,174.5,120,29.67,217.5,95,18.49,220.3,67,9.91,12.2,2,3.29,1,0
105,no,no,0,211.1,99,35.89,176.7,66,15.02,221.5,96,9.97,14.7,7,3.97,4,0
119,no,no,0,109.2,96,18.56,153.1,80,13.01,240,102,10.8,9.8,5,2.65,2,0
125,no,yes,32,96.5,109,16.41,145.8,109,12.39,174.4,82,7.85,9.4,2,2.54,1,0
3,yes,no,0,161,96,27.37,244.9,82,20.82,180.8,103,8.14,7.7,6,2.08,1,0
48,no,no,0,149.2,146,25.36,161.9,109,13.76,197.9,109,8.91,8.3,2,2.24,3,0
95,no,yes,23,160.3,87,27.25,202.4,101,17.2,191.1,122,8.6,7.4,3,2,0,0
80,no,yes,22,196.4,115,33.39,150.3,109,12.78,176.2,75,7.93,9.3,1,2.51,0,0
84,no,no,0,146.8,133,24.96,171.7,73,14.59,234.5,69,10.55,9.9,3,2.67,1,0
96,no,no,0,173.9,111,29.56,287.4,105,24.43,204.8,91,9.22,9.1,7,2.46,1,0
123,no,yes,34,305.2,80,51.88,156.5,109,13.3,280,81,12.6,13.2,7,3.56,1,0
67,no,yes,30,186.2,117,31.65,286.7,76,24.37,164.3,113,7.39,12.9,3,3.48,2,0
141,no,yes,39,116.9,127,19.87,276.5,88,23.5,289.9,125,13.05,12.3,2,3.32,0,0
143,no,no,0,167.8,72,28.53,211,99,17.94,153.5,109,6.91,10.5,6,2.84,4,1
138,no,no,0,87.6,112,14.89,266.9,107,22.69,214.6,104,9.66,9.8,10,2.65,2,0
103,no,no,0,160.8,91,27.34,155.8,82,13.24,254.3,103,11.44,8.5,3,2.3,1,0
143,no,yes,22,141.8,116,24.11,167.3,99,14.22,178.1,130,8.01,7.8,3,2.11,1,0
168,no,no,0,183.2,131,31.14,179.2,73,15.23,292.8,100,13.18,9.9,5,2.67,2,0
90,no,no,0,167.5,96,28.48,139.1,104,11.82,138.4,87,6.23,13,1,3.51,1,0
138,no,no,0,230.1,107,39.12,212,120,18.02,174.9,119,7.87,13.2,4,3.56,1,0
15,no,no,0,135.2,101,22.98,152.5,79,12.96,224.8,83,10.12,8.4,5,2.27,2,0
123,no,yes,28,124.7,105,21.2,250.4,78,21.28,216.4,128,9.74,7.8,8,2.11,1,0
57,yes,no,0,115,65,19.55,122.3,96,10.4,245,75,11.03,6.4,1,1.73,0,1
127,no,no,0,218.6,93,37.16,149.9,130,12.74,204.6,131,9.21,9.2,5,2.48,2,0
180,no,no,0,143.3,134,24.36,180.5,113,15.34,184.2,87,8.29,10.1,4,2.73,1,0
174,no,no,0,190.3,98,32.35,252.7,70,21.48,220.6,97,9.93,7.2,9,1.94,2,0
92,no,no,0,184.7,60,31.4,262,73,22.27,239.5,120,10.78,12.3,6,3.32,2,1
119,no,no,0,294.2,100,50.01,232.5,53,19.76,195,64,8.78,9,1,2.43,0,1
122,no,no,0,215.6,86,36.65,167.8,59,14.26,207,67,9.32,6.4,8,1.73,3,0
34,no,no,0,128.8,80,21.9,208.7,93,17.74,202.1,103,9.09,14,7,3.78,1,0
19,no,no,0,259.4,116,44.1,269.7,109,22.92,175.3,130,7.89,9.5,3,2.57,1,1
160,no,no,0,97.5,113,16.58,268.1,69,22.79,255.3,62,11.49,13.2,4,3.56,3,0
141,no,no,0,146.5,121,24.91,169.9,125,14.44,238.8,112,10.75,8.2,5,2.21,0,0
90,no,no,0,157.9,72,26.84,234,93,19.89,210,86,9.45,12.2,5,3.29,2,0
72,no,no,0,139.9,117,23.78,223.6,96,19.01,240.8,93,10.84,12.7,4,3.43,2,0
117,no,yes,21,153.2,112,26.04,263.3,110,22.38,135,85,6.08,11.9,7,3.21,1,0
49,no,no,0,236.6,91,40.22,220.9,146,18.78,146.8,114,6.61,8.9,2,2.4,1,0
120,no,no,0,185.7,133,31.57,235.1,149,19.98,256.4,78,11.54,16.9,6,4.56,0,0
115,no,yes,29,222.6,81,37.84,190.3,109,16.18,201.2,87,9.05,11.5,2,3.11,1,0
143,no,yes,33,141.4,130,24.04,186.4,114,15.84,210,111,9.45,7.7,6,2.08,1,0
147,no,no,0,168.6,92,28.66,187.7,107,15.95,216.5,95,9.74,14.4,8,3.89,2,0
102,yes,no,0,224.2,81,38.11,243.3,90,20.68,147.8,66,6.65,12,8,3.24,3,0
64,no,yes,43,118.4,100,20.13,144.1,108,12.25,158.1,91,7.11,8.5,6,2.3,1,0
103,no,no,0,190.9,62,32.45,226.6,53,19.26,230.1,96,10.35,7.8,3,2.11,2,0
152,no,no,0,317.8,60,54.03,152.9,100,13,123.4,63,5.55,10.4,7,2.81,1,1
97,no,no,0,146,121,24.82,203,141,17.26,151.8,120,6.83,13.3,2,3.59,1,0
57,no,yes,33,193.4,105,32.88,231.6,79,19.69,226.2,90,10.18,11.1,11,3,2,0
157,no,no,0,185.1,92,31.47,213,85,18.11,196.1,85,8.82,8.5,5,2.3,2,0
66,no,no,0,146.4,107,24.89,196.5,99,16.7,230.1,106,10.35,7.8,2,2.11,1,0
116,no,no,0,205,90,34.85,140.9,114,11.98,272.6,96,12.27,7.5,4,2.03,2,0
101,no,no,0,154.4,130,26.25,217.2,101,18.46,185.4,52,8.34,13.9,4,3.75,1,0
129,no,yes,30,177.3,95,30.14,211.8,102,18,240.2,108,10.81,9.3,7,2.51,3,0
93,no,no,0,149.6,120,25.43,200.7,85,17.06,181.2,107,8.15,14.3,9,3.86,0,0
115,yes,no,0,345.3,81,58.7,203.4,106,17.29,217.5,107,9.79,11.8,8,3.19,1,1
25,no,no,0,264.9,80,45.03,281.2,66,23.9,166.1,80,7.47,8.4,4,2.27,1,1
196,no,no,0,133.1,80,22.63,206.5,120,17.55,221.6,96,9.97,10.3,8,2.78,1,0
97,no,no,0,225.1,90,38.27,279.5,127,23.76,233.8,103,10.52,8.8,4,2.38,0,1
148,no,no,0,208.4,120,35.43,174.4,99,14.82,310.7,105,13.98,11.2,4,3.02,1,0
85,no,yes,30,173.1,107,29.43,247.2,101,21.01,158.7,104,7.14,11.5,5,3.11,1,0
86,yes,no,0,162.4,131,27.61,167,102,14.2,128.9,118,5.8,11.4,2,3.08,2,1
116,no,yes,24,232.9,90,39.59,152.1,94,12.93,344.3,82,15.49,10.7,6,2.89,1,0
165,no,yes,33,111.6,140,18.97,213.3,111,18.13,267.6,115,12.04,16,3,4.32,0,0
134,no,no,0,258.8,85,44,129.5,114,11.01,193.6,106,8.71,10.9,7,2.94,2,0
90,no,yes,27,156.7,51,26.64,236.5,118,20.1,123.2,111,5.54,12.6,6,3.4,2,0
86,no,no,0,150.8,85,25.64,295.9,88,25.15,247.2,104,11.12,12.5,1,3.38,1,0
141,no,yes,32,322.4,92,54.81,283.2,107,24.07,209.5,111,9.43,6.7,3,1.81,1,1
89,no,yes,35,174.4,108,29.65,196.7,100,16.72,127.4,74,5.73,11.8,3,3.19,1,0
76,no,no,0,165.7,94,28.17,257.4,80,21.88,170.8,114,7.69,10,4,2.7,1,0
104,no,no,0,200.2,92,34.03,118.7,87,10.09,236.6,65,10.65,6,6,1.62,2,0
105,no,yes,24,274.7,99,46.7,193.5,118,16.45,299.6,109,13.48,10.8,3,2.92,3,0
74,no,no,0,124.8,114,21.22,133,121,11.31,160.3,85,7.21,10.6,7,2.86,3,0
76,no,no,0,179.2,85,30.46,222.9,66,18.95,188.2,113,8.47,12.4,2,3.35,0,0
155,no,yes,30,61.6,103,10.47,255.1,110,21.68,225.9,96,10.17,12.4,5,3.35,1,0
64,no,no,0,219.2,73,37.26,167,65,14.2,161.4,119,7.26,10,5,2.7,1,0
101,no,no,0,257.3,84,43.74,184.8,115,15.71,108.9,109,4.9,13.5,7,3.65,0,0
88,no,no,0,301.5,136,51.26,257.7,72,21.9,132.9,118,5.98,13.4,2,3.62,4,1
197,no,no,0,233.9,96,39.76,218.9,111,18.61,182.9,109,8.23,9.5,3,2.57,0,0
85,yes,no,0,116.2,86,19.75,229.7,127,19.52,204.2,109,9.19,10.1,3,2.73,3,0
103,yes,no,0,255.9,128,43.5,140.9,92,11.98,308.9,130,13.9,12.1,2,3.27,1,1
136,no,yes,27,187.7,84,31.91,221,147,18.79,145.7,110,6.56,10,4,2.7,3,0
116,no,yes,12,221,108,37.57,151,118,12.84,179,80,8.06,9,6,2.43,2,0
152,no,no,0,140.5,92,23.89,186.8,96,15.88,227,89,10.22,9.5,5,2.57,2,0
67,no,no,0,109.1,117,18.55,217.4,124,18.48,188.4,141,8.48,12.8,6,3.46,0,0
60,no,no,0,207.8,109,35.33,123.5,112,10.5,291.6,115,13.12,5.7,9,1.54,0,0
44,no,no,0,308.6,139,52.46,150.8,94,12.82,198.7,66,8.94,7.3,3,1.97,4,1
121,no,no,0,144.8,126,24.62,200.6,82,17.05,208.8,81,9.4,13.3,9,3.59,0,1
12,no,no,0,204.6,98,34.78,212.5,90,18.06,182.1,95,8.19,9.8,7,2.65,2,0
64,no,no,0,213.5,93,36.3,166.6,114,14.16,122,78,5.49,14.1,3,3.81,3,0
79,no,no,0,177.9,83,30.24,167.3,84,14.22,223.7,142,10.07,15.2,8,4.1,0,0
102,no,no,0,186.8,92,31.76,173.7,123,14.76,250.9,131,11.29,9.7,4,2.62,2,0
138,yes,no,0,268.4,81,45.63,174.4,115,14.82,193.5,96,8.71,11.6,4,3.13,1,0
125,no,no,0,240.7,82,40.92,269.4,85,22.9,187.1,74,8.42,10.1,3,2.73,0,1
72,no,no,0,179.9,113,30.58,149.8,112,12.73,168.2,79,7.57,9.8,7,2.65,2,0
209,no,no,0,255.1,124,43.37,230.6,110,19.6,218,69,9.81,8.5,5,2.3,3,1
125,no,no,0,206,128,35.02,198.1,71,16.84,135.9,116,6.12,13.2,3,3.56,0,0
132,no,no,0,291.2,104,49.5,234.2,132,19.91,191.7,87,8.63,8.9,3,2.4,1,1
193,no,yes,31,71.2,58,12.1,124.7,105,10.6,155.5,108,7,11.7,3,3.16,0,0
124,no,no,0,191.3,134,32.52,261.5,113,22.23,182.3,111,8.2,10,3,2.7,1,0
144,no,no,0,133.3,101,22.66,255.5,127,21.72,228.6,68,10.29,11.6,2,3.13,0,0
97,no,yes,28,283.1,93,48.13,185.4,98,15.76,312.8,78,14.08,6.1,8,1.65,1,0
84,no,no,0,203.4,125,34.58,182.9,88,15.55,213.7,121,9.62,13.8,2,3.73,1,0
119,no,yes,19,178.1,110,30.28,212.8,100,18.09,226.3,123,10.18,10,6,2.7,1,0
50,no,no,0,295.3,127,50.2,127.4,100,10.83,166.8,105,7.51,9.6,6,2.59,1,0
101,no,yes,24,114.1,95,19.4,161.5,86,13.73,176.3,90,7.93,13,9,3.51,2,0
182,no,no,0,279.1,124,47.45,180.5,108,15.34,217.5,104,9.79,9.5,11,2.57,2,1
92,yes,no,0,255.8,125,43.49,142.7,111,12.13,181.2,101,8.15,11.7,3,3.16,0,0
122,no,no,0,119.3,93,20.28,223.9,103,19.03,211.9,122,9.54,8.7,4,2.35,2,0
156,no,yes,27,192.3,137,32.69,199.9,115,16.99,244.2,112,10.99,14.8,8,4,1,0
90,yes,yes,26,169,104,28.73,188.8,104,16.05,213.3,76,9.6,13.3,3,3.59,0,1
127,no,yes,27,2.6,113,0.44,254,102,21.59,242.7,156,10.92,9.2,5,2.48,3,0
109,no,no,0,184.1,143,31.3,211.7,105,17.99,243,116,10.93,9.9,2,2.67,1,0
88,no,no,0,181.9,90,30.92,151.5,87,12.88,143,100,6.44,7.5,3,2.03,1,0
145,no,yes,31,216,94,36.72,225.1,123,19.13,234.7,109,10.56,10.7,1,2.89,2,0
61,no,yes,40,105,78,17.85,180.6,100,15.35,174.1,115,7.83,10.2,2,2.75,2,1
107,no,no,0,204.5,108,34.77,162.4,110,13.8,155,102,6.98,13.4,1,3.62,3,0
117,no,no,0,158.7,84,26.98,181.7,91,15.44,177.3,67,7.98,7.7,10,2.08,2,0
186,no,no,0,137.8,97,23.43,187.7,118,15.95,146.4,85,6.59,8.7,6,2.35,1,0
55,no,yes,39,139.3,101,23.68,178.3,117,15.16,246.5,104,11.09,8.1,1,2.19,3,0
134,no,no,0,7.8,86,1.33,171.4,100,14.57,186.5,80,8.39,12.9,2,3.48,2,0
107,no,no,0,206.9,79,35.17,262.4,117,22.3,149.3,69,6.72,10.7,3,2.89,0,0
123,no,no,0,140,106,23.8,153.7,101,13.06,50.1,87,2.25,12.5,1,3.38,2,0
74,no,no,0,177.4,136,30.16,240.3,104,20.43,237.3,133,10.68,12,3,3.24,0,0
137,yes,no,0,237.3,103,40.34,176.7,84,15.02,263.4,81,11.85,14.2,4,3.83,0,1
88,no,no,0,181.5,116,30.86,187,119,15.9,220.3,96,9.91,10.5,7,2.84,1,0
80,no,no,0,51.5,90,8.76,164,98,13.94,169.4,80,7.62,9.5,4,2.57,3,0
106,no,yes,9,88.5,100,15.05,324.8,109,27.61,79.9,86,3.6,8.2,4,2.21,3,0
137,no,no,0,155.5,81,26.44,133.1,94,11.31,253.1,77,11.39,9.1,2,2.46,1,0
67,no,yes,31,175.2,68,29.78,199.2,73,16.93,219.8,99,9.89,13.2,6,3.56,1,0
134,no,yes,34,247.2,105,42.02,225.5,133,19.17,186.3,76,8.38,6.1,5,1.65,2,1
130,no,yes,30,185,117,31.45,249.5,141,21.21,157.8,103,7.1,7.4,7,2,0,0
68,no,no,0,158.8,119,27,211.8,105,18,198.1,101,8.91,10.3,3,2.78,1,0
112,no,no,0,208.7,150,35.48,212.8,104,18.09,178.1,98,8.01,8.5,4,2.3,0,0
109,no,no,0,222.5,74,37.83,169.7,75,14.42,264.3,94,11.89,9,3,2.43,2,0
119,no,no,0,239.1,88,40.65,243.5,79,20.7,230.9,92,10.39,10.9,3,2.94,3,1
38,no,no,0,175.7,109,29.87,211.8,97,18,137.9,109,6.21,9.2,3,2.48,5,1
78,no,no,0,87.7,74,14.91,214.8,58,18.26,201.3,147,9.06,10.8,6,2.92,1,0
151,no,no,0,194.8,106,33.12,292.7,103,24.88,224.6,82,10.11,5.5,3,1.49,0,0
129,no,no,0,54.7,131,9.3,256.1,105,21.77,176.6,135,7.95,11.1,4,3,1,0
107,no,yes,27,283.4,104,48.18,224.1,152,19.05,241.3,63,10.86,14.4,7,3.89,2,0
137,yes,no,0,258,112,43.86,246.5,117,20.95,173.2,100,7.79,10.9,3,2.94,0,1
76,no,no,0,90.5,142,15.39,211.7,75,17.99,194.9,76,8.77,9.3,2,2.51,1,0
169,no,no,0,142.5,82,24.23,231.4,110,19.67,131.2,67,5.9,10,4,2.7,2,0
52,yes,no,0,251.4,118,42.74,196.6,80,16.71,192,53,8.64,11,2,2.97,0,1
3,no,no,0,139,99,23.63,250.7,108,21.31,286.2,87,12.88,6.1,3,1.65,4,0
38,no,no,0,117.3,114,19.94,208.7,105,17.74,203.4,98,9.15,14.4,2,3.89,2,0
104,no,no,0,264,108,44.88,132.2,75,11.24,177.7,91,8,10.6,8,2.86,3,0
27,no,no,0,82.6,105,14.04,204,99,17.34,224.2,122,10.09,9.1,4,2.46,1,0
13,no,no,0,220.4,100,37.47,211.2,79,17.95,259.3,112,11.67,13.6,8,3.67,2,0
146,no,no,0,115.6,77,19.65,213.6,100,18.16,218.4,72,9.83,10.7,6,2.89,1,0
120,no,yes,23,221.9,114,37.72,254.7,84,21.65,250.5,117,11.27,7.2,5,1.94,2,0
90,no,no,0,61.3,91,10.42,194.4,94,16.52,143.1,80,6.44,11.4,9,3.08,1,0
130,no,no,0,252,101,42.84,170.2,105,14.47,209.2,64,9.41,5.7,5,1.54,0,0
155,yes,no,0,163.1,94,27.73,291.7,108,24.79,96.4,111,4.34,11.2,3,3.02,0,0
131,no,no,0,187.9,110,31.94,200.5,101,17.04,202.6,125,9.12,10.2,11,2.75,2,0
89,no,no,0,129.2,71,21.96,214.1,68,18.2,214.9,100,9.67,10.3,4,2.78,5,1
123,yes,no,0,125.5,106,21.34,128.9,96,10.96,251.9,129,11.34,6.3,6,1.7,4,1
130,no,yes,26,257.2,108,43.72,224.3,122,19.07,204,118,9.18,12.6,4,3.4,1,0
87,no,no,0,124.3,91,21.13,173.4,105,14.74,256.3,109,11.53,7.5,5,2.03,3,0
189,no,no,0,219.9,80,37.38,143.3,117,12.18,130.6,69,5.88,11.7,7,3.16,1,0
75,no,no,0,203.3,70,34.56,228.9,97,19.46,222.2,118,10,14.3,3,3.86,1,0
121,no,yes,20,211.9,110,36.02,215.1,120,18.28,238.5,107,10.73,9.4,2,2.54,0,0
116,no,no,0,63.7,101,10.83,195.8,95,16.64,210.1,87,9.45,10,6,2.7,1,0
104,no,no,0,225.9,123,38.4,162.8,106,13.84,272.1,85,12.24,10.1,4,2.73,1,0
125,no,no,0,224.9,102,38.23,143.8,87,12.22,198.9,105,8.95,8,2,2.16,0,0
90,no,no,0,142.4,126,24.21,126.2,118,10.73,274.2,71,12.34,4.6,4,1.24,1,0
141,no,yes,28,308,123,52.36,247.8,128,21.06,152.9,103,6.88,7.4,3,2,1,0
81,no,no,0,173.2,80,29.44,236.2,94,20.08,240.2,84,10.81,11.8,6,3.19,2,0
126,no,yes,24,58.9,125,10.01,305.5,90,25.97,158.9,73,7.15,12.1,6,3.27,0,0
153,no,no,0,228.9,102,38.91,160.7,136,13.66,203.1,109,9.14,12.5,2,3.38,0,0
97,no,yes,32,90,87,15.3,276.3,113,23.49,185.2,107,8.33,8.6,6,2.32,2,1
95,no,no,0,237.3,83,40.34,154,65,13.09,237,105,10.67,11.2,6,3.02,1,0
121,no,no,0,86.1,100,14.64,259.8,113,22.08,148,79,6.66,9.1,9,2.46,2,0
125,no,no,0,212.3,89,36.09,215.4,127,18.31,186.8,73,8.41,11.3,2,3.05,2,0
185,no,yes,19,157.3,123,26.74,257.7,94,21.9,190.4,107,8.57,9.6,6,2.59,0,0
91,no,yes,20,146.1,98,24.84,277.4,104,23.58,137.7,100,6.2,6.2,3,1.67,1,0
123,no,no,0,209.4,49,35.6,237.4,117,20.18,239.2,98,10.76,9.8,11,2.65,1,0
85,no,no,0,144.4,88,24.55,264.6,105,22.49,185.4,94,8.34,9.9,3,2.67,1,0
93,no,no,0,271.1,101,46.09,237.4,133,20.18,145.4,103,6.54,8.4,6,2.27,1,1
33,yes,no,0,164,99,27.88,153.1,102,13.01,123.8,104,5.57,6.4,4,1.73,0,0
55,no,no,0,245.5,130,41.74,192.7,54,16.38,141.7,83,6.38,9.1,4,2.46,1,0
80,no,yes,36,190.3,115,32.35,256.6,78,21.81,214.9,145,9.67,3.8,4,1.03,1,0
85,no,yes,17,89.8,88,15.27,233.2,75,19.82,165.7,116,7.46,9.3,7,2.51,4,1
135,no,no,0,155.2,100,26.38,135.9,84,11.55,184.6,82,8.31,3.8,9,1.03,3,0
87,no,yes,19,165.8,122,28.19,186.9,89,15.89,249.7,78,11.24,0,0,0,1,0
99,no,no,0,174.1,102,29.6,99.1,118,8.42,211.6,126,9.52,7.7,2,2.08,2,0
44,no,no,0,202.6,89,34.44,163,96,13.86,268.1,151,12.06,8.3,3,2.24,0,0
80,no,no,0,127.8,67,21.73,181.6,112,15.44,197.3,63,8.88,15.9,2,4.29,2,0
162,no,no,0,135.2,98,22.98,242,107,20.57,246.9,96,11.11,10.2,2,2.75,2,0
96,no,no,0,276.9,105,47.07,246.9,94,20.99,254.4,107,11.45,10.3,3,2.78,1,1
168,no,no,0,163.4,134,27.78,240.1,87,20.41,164,147,7.38,11.6,2,3.13,2,1
72,no,no,0,287.4,116,48.86,235.3,126,20,292.1,114,13.14,5,3,1.35,4,1
136,no,no,0,204.5,63,34.77,208.8,95,17.75,224,119,10.08,9.8,2,2.65,0,0
31,no,no,0,97.5,129,16.58,260.4,78,22.13,88.7,100,3.99,7,5,1.89,1,0
72,no,no,0,166.5,102,28.31,261,103,22.19,262.7,85,11.82,13.3,5,3.59,0,0
24,no,no,0,156.2,104,26.55,90,101,7.65,205.1,116,9.23,7.3,5,1.97,1,0
95,no,no,0,157.9,103,26.84,259.6,90,22.07,230,117,10.35,14,2,3.78,0,0
53,no,no,0,119.7,113,20.35,189.7,84,16.12,256.2,108,11.53,12.9,7,3.48,2,0
123,no,no,0,242.2,87,41.17,226.1,101,19.22,268.6,121,12.09,8.2,3,2.21,5,1
112,no,no,0,81.6,94,13.87,268.1,112,22.79,140.8,75,6.34,8.6,18,2.32,1,0
55,no,yes,20,207.7,91,35.31,199.7,113,16.97,216.5,110,9.74,7.3,1,1.97,1,0
125,no,no,0,233.3,65,39.66,209.8,93,17.83,210.6,109,9.48,9.1,4,2.46,1,0
105,no,no,0,251.6,88,42.77,175.1,103,14.88,184.4,112,8.3,5.4,5,1.46,1,0
99,no,no,0,256.4,44,43.59,214.5,105,18.23,233.7,75,10.52,7.9,1,2.13,3,1
177,no,no,0,227.8,81,38.73,161.8,97,13.75,217,106,9.76,8,5,2.16,1,0
90,no,yes,22,124.5,94,21.17,231.7,90,19.69,222.2,108,10,6.4,12,1.73,1,0
95,no,no,0,58.2,96,9.89,202.1,126,17.18,210.5,97,9.47,10.4,5,2.81,0,0
99,no,no,0,135.7,107,23.07,208.4,103,17.71,209,95,9.4,8.8,3,2.38,7,1
84,no,no,0,225.9,86,38.4,275.6,105,23.43,201.4,108,9.06,14.3,3,3.86,3,1
87,no,no,0,153.3,106,26.06,224.5,117,19.08,273.4,152,12.3,8.9,5,2.4,2,0
73,no,no,0,194.8,112,33.12,167.2,85,14.21,100.3,61,4.51,10.8,6,2.92,1,0
89,no,yes,12,188,105,31.96,151.3,107,12.86,201.9,132,9.09,10.5,3,2.84,2,0
108,yes,no,0,115.1,114,19.57,211.3,70,17.96,136.1,85,6.12,13.8,3,3.73,2,1
161,no,no,0,196.6,73,33.42,170.2,79,14.47,194.3,79,8.74,12.5,3,3.38,1,0
128,no,no,0,227.9,130,38.74,302.6,71,25.72,191.5,82,8.62,5.5,7,1.49,1,1
87,no,yes,30,262.8,114,44.68,215.8,130,18.34,154.8,88,6.97,7.8,2,2.11,0,0
177,no,no,0,266.1,91,45.24,225.2,79,19.14,224.7,58,10.11,8.9,8,2.4,3,1
95,no,no,0,134.4,104,22.85,152.4,95,12.95,236.5,80,10.64,9.4,3,2.54,1,0
76,no,no,0,171.1,78,29.09,257.2,83,21.86,91.6,92,4.12,16.2,3,4.37,1,0
132,no,yes,25,113.2,96,19.24,269.9,107,22.94,229.1,87,10.31,7.1,7,1.92,2,0
127,no,yes,23,182,80,30.94,216.1,85,18.37,156.9,82,7.06,9.8,4,2.65,1,0
57,no,no,0,85.9,92,14.6,193.9,127,16.48,231.5,93,10.42,10.1,2,2.73,0,0
123,no,yes,22,197.6,105,33.59,80,86,6.8,120.8,82,5.44,15.6,12,4.21,2,0
78,no,yes,32,210.3,116,35.75,192.2,83,16.34,246.1,92,11.07,10.8,4,2.92,6,0
101,no,yes,28,220.3,96,37.45,285.8,72,24.29,203,111,9.14,9.4,6,2.54,4,0
135,no,no,0,144.1,115,24.5,249.8,68,21.23,211.4,82,9.51,13.6,3,3.67,1,0
112,no,no,0,214.8,112,36.52,209.7,104,17.82,164.4,97,7.4,9.4,5,2.54,3,0
142,no,no,0,216.8,134,36.86,187.8,106,15.96,138.1,108,6.21,8.3,2,2.24,0,0
176,no,no,0,201.9,101,34.32,154.7,78,13.15,164.4,79,7.4,9,2,2.43,1,0
105,no,no,0,146.4,81,24.89,225.1,80,19.13,230.1,117,10.35,8.5,2,2.3,1,0
57,no,no,0,272.7,74,46.36,224.9,85,19.12,178.2,104,8.02,10.5,3,2.84,2,1
88,no,no,0,172.8,81,29.38,193.4,90,16.44,89.6,107,4.03,12.8,5,3.46,2,0
147,no,no,0,130.6,83,22.2,208.1,144,17.69,204.6,72,9.21,15.6,3,4.21,3,0
82,no,no,0,199.3,112,33.88,193.4,120,16.44,254.4,117,11.45,7,10,1.89,0,0
119,no,no,0,94.2,108,16.01,264.1,100,22.45,203.7,79,9.17,7.3,3,1.97,1,0
63,no,yes,25,190,137,32.3,116.6,76,9.91,141.5,110,6.37,12.2,2,3.29,1,0
122,no,yes,29,195.4,83,33.22,268.2,93,22.8,168,95,7.56,8.4,6,2.27,3,0
62,no,no,0,100,98,17,173.5,95,14.75,218,122,9.81,10.1,4,2.73,0,0
78,no,yes,21,160.6,85,27.3,223.1,79,18.96,124,92,5.58,9.5,1,2.57,2,0
148,no,yes,26,158.7,91,26.98,160.5,127,13.64,218.3,88,9.82,9.9,3,2.67,1,0
75,no,no,0,305.1,106,51.87,188,115,15.98,235.4,116,10.59,8.5,5,2.3,0,1
84,no,yes,38,193,106,32.81,153.6,106,13.06,260.4,87,11.72,7.4,5,2,2,0
102,no,yes,29,214.7,86,36.5,314.3,109,26.72,280.2,110,12.61,14.3,2,3.86,0,0
107,no,no,0,86.8,95,14.76,108.1,85,9.19,204.3,87,9.19,13.2,3,3.56,1,0
204,no,no,0,174.3,85,29.63,254.1,95,21.6,176.4,96,7.94,5.9,3,1.59,6,0
130,no,no,0,203.9,63,34.66,191.8,93,16.3,132.5,125,5.96,12.1,4,3.27,3,0
174,no,no,0,235.5,108,40.04,142.3,143,12.1,316.7,131,14.25,12.5,5,3.38,0,0
190,yes,no,0,111.9,55,19.02,223,124,18.96,243.2,81,10.94,10,7,2.7,3,0
78,no,no,0,163.6,88,27.81,283.4,93,24.09,262.1,108,11.79,8.6,9,2.32,0,0
111,no,no,0,78.3,119,13.31,198.2,94,16.85,248.5,94,11.18,12.1,4,3.27,1,0
117,no,no,0,97.1,98,16.51,228,131,19.38,240,111,10.8,10.6,3,2.86,1,0
68,no,no,0,94.1,93,16,147.6,80,12.55,213.5,85,9.61,10.1,2,2.73,0,0
93,no,no,0,179.5,121,30.52,191.9,131,16.31,165.5,125,7.45,12,4,3.24,0,0
100,no,yes,32,125.2,123,21.28,230.9,101,19.63,192,106,8.64,12.6,9,3.4,3,0
115,no,no,0,195.9,111,33.3,227,108,19.3,313.2,113,14.09,13.2,1,3.56,2,0
96,no,yes,21,247.6,95,42.09,256.3,150,21.79,158.6,72,7.14,10.8,6,2.92,2,0
115,no,yes,16,133.3,110,22.66,185.7,111,15.78,161.5,113,7.27,5.6,4,1.51,2,0
108,no,yes,25,170.7,88,29.02,109.9,113,9.34,165.7,99,7.46,8.7,1,2.35,3,0
107,no,no,0,146.9,94,24.97,114.3,111,9.72,114.5,97,5.15,11.4,5,3.08,3,0
120,no,no,0,192.6,123,32.74,206.4,105,17.54,283.2,93,12.74,10.8,3,2.92,1,0
107,no,yes,36,96.3,83,16.37,179.6,91,15.27,166.3,121,7.48,10.3,2,2.78,1,0
58,no,no,0,131.9,96,22.42,167.6,107,14.25,205.9,106,9.27,14.7,5,3.97,3,0
91,no,no,0,147.2,121,25.02,175.2,87,14.89,136.3,80,6.13,13.3,3,3.59,2,0
95,no,no,0,184.2,95,31.31,181.6,101,15.44,143.4,113,6.45,12.8,4,3.46,2,0
104,no,no,0,109.1,141,18.55,187.1,140,15.9,216.6,100,9.75,10,4,2.7,3,0
35,no,no,0,138.1,115,23.48,158.2,82,13.45,215.7,118,9.71,10.3,2,2.78,5,1
62,no,no,0,186.8,94,31.76,207.6,92,17.65,195,98,8.78,8.8,4,2.38,3,0
143,no,no,0,155.4,112,26.42,290.9,92,24.73,228.4,91,10.28,13.9,5,3.75,1,0
60,yes,no,0,205.9,97,35,277.4,117,23.58,202,139,9.09,11,2,2.97,0,1
183,no,no,0,190,100,32.3,246.6,78,20.96,304.2,107,13.69,9.5,4,2.57,1,0
123,no,no,0,114.8,94,19.52,150,104,12.75,268.6,119,12.09,9.6,4,2.59,2,0
64,no,no,0,113.8,97,19.35,192.3,97,16.35,214.9,89,9.67,10.4,1,2.81,3,0
127,yes,no,0,143.2,60,24.34,179.5,159,15.26,171.8,122,7.73,6.2,4,1.67,4,1
33,no,no,0,184.4,111,31.35,203.8,110,17.32,237.4,100,10.68,9.3,5,2.51,3,0
27,no,no,0,227.4,67,38.66,248,115,21.08,61.4,109,2.76,7.8,6,2.11,1,0
123,no,no,0,224,99,38.08,210.7,80,17.91,231.9,75,10.44,2.1,5,0.57,0,0
148,no,no,0,216.2,95,36.75,185.7,105,15.78,300,143,13.5,10,5,2.7,2,0
122,no,yes,30,230.1,108,39.12,287.6,76,24.45,177.1,85,7.97,6.9,3,1.86,2,0
201,no,no,0,225.9,110,38.4,299.1,86,25.42,251.3,81,11.31,11.2,4,3.02,1,1
78,no,no,0,103.5,115,17.6,117.9,102,10.02,201,94,9.05,12,3,3.24,4,1
67,no,no,0,115.5,70,19.64,252.2,143,21.44,208.9,91,9.4,7.5,6,2.03,0,0
41,no,no,0,223.8,67,38.05,244.8,74,20.81,223.8,156,10.07,12.3,5,3.32,3,0
133,no,no,0,143.8,71,24.45,184,131,15.64,275.5,132,12.4,12.9,4,3.48,3,0
36,no,yes,43,29.9,123,5.08,129.1,117,10.97,325.9,105,14.67,8.6,6,2.32,2,0
91,no,no,0,190.5,128,32.39,205.5,103,17.47,130.7,63,5.88,13.8,5,3.73,0,0
91,yes,no,0,151.8,115,25.81,103.6,116,8.81,156.3,86,7.03,12.2,4,3.29,1,0
148,yes,no,0,218.7,111,37.18,155.6,133,13.23,277.4,62,12.48,8.2,5,2.21,1,0
76,yes,no,0,246.8,110,41.96,206.3,63,17.54,208.4,123,9.38,13.2,5,3.56,0,1
124,no,no,0,169.3,108,28.78,178.6,91,15.18,242.3,82,10.9,12.2,3,3.29,1,0
152,no,no,0,161.4,84,27.44,163.6,88,13.91,153.2,121,6.89,11.8,5,3.19,1,0
100,yes,no,0,107.2,98,18.22,86.8,122,7.38,156.2,117,7.03,9.7,4,2.62,1,0
59,no,yes,32,211.9,120,36.02,202.9,136,17.25,213.5,95,9.61,8.8,5,2.38,1,0
142,no,yes,40,230.7,101,39.22,256.8,88,21.83,263.9,92,11.88,6.4,3,1.73,1,0
143,no,no,0,133.4,107,22.68,223.9,117,19.03,180.4,85,8.12,10.2,13,2.75,1,0
79,no,no,0,236.8,135,40.26,186.4,87,15.84,126.9,112,5.71,10.4,5,2.81,2,0
68,yes,yes,24,125.7,92,21.37,275.9,98,23.45,214.5,108,9.65,14.2,6,3.83,3,1
103,no,no,0,70.9,134,12.05,134.5,112,11.43,168.8,164,7.6,12,6,3.24,2,0
149,yes,no,0,180.9,79,30.75,194.9,83,16.57,197.8,109,8.9,8.8,9,2.38,3,0
23,no,yes,31,156.6,84,26.62,161.5,96,13.73,294.6,107,13.26,9.4,6,2.54,1,0
221,no,yes,24,180.5,85,30.69,224.1,92,19.05,205.7,103,9.26,2.4,3,0.65,0,0
88,no,no,0,153.5,94,26.1,251.7,118,21.39,182.2,99,8.2,8.5,6,2.3,1,0
33,no,no,0,251.9,81,42.82,194.6,96,16.54,211.2,87,9.5,8.4,3,2.27,2,0
117,no,no,0,201.9,86,34.32,212.3,96,18.05,176.9,98,7.96,7.8,10,2.11,1,0
112,no,no,0,166,79,28.22,74.6,100,6.34,247.9,74,11.16,6.3,7,1.7,0,0
75,no,yes,28,200.6,96,34.1,164.1,111,13.95,169.6,153,7.63,2.5,5,0.68,1,0
121,no,no,0,255.1,93,43.37,266.9,97,22.69,197.7,118,8.9,8.8,3,2.38,3,1
87,no,yes,33,125,99,21.25,235.3,81,20,215.3,95,9.69,10.2,7,2.75,2,0
89,no,no,0,111.2,101,18.9,122.1,94,10.38,180.8,85,8.14,12.6,2,3.4,3,0
77,yes,yes,44,103.2,117,17.54,236.3,86,20.09,203.5,101,9.16,11.9,2,3.21,0,1
160,no,no,0,206.3,66,35.07,241.1,109,20.49,227.8,102,10.25,11.7,6,3.16,0,0
55,no,no,0,132,103,22.44,279.6,114,23.77,180,74,8.1,13.5,4,3.65,0,0
57,no,yes,30,179.2,105,30.46,283.2,83,24.07,228.1,77,10.26,14.7,5,3.97,1,0
115,no,no,0,268,115,45.56,153.6,106,13.06,232.3,65,10.45,17,1,4.59,3,0
148,no,no,0,243,115,41.31,191.8,91,16.3,117.8,93,5.3,13.4,5,3.62,2,0
88,no,no,0,142.2,107,24.17,262.4,84,22.3,139.2,99,6.26,10.1,5,2.73,1,0
130,no,no,0,132.4,81,22.51,200.3,110,17.03,202.5,103,9.11,6,1,1.62,2,0
89,no,yes,24,97.8,98,16.63,207.2,67,17.61,214.5,126,9.65,5.9,2,1.59,0,0
138,no,yes,33,155.2,139,26.38,268.3,79,22.81,186.4,71,8.39,9.7,4,2.62,3,0
115,no,no,0,200.2,92,34.03,244.9,107,20.82,190.9,96,8.59,8.8,3,2.38,1,0
84,no,no,0,289.1,100,49.15,233.8,97,19.87,223.5,148,10.06,12.7,2,3.43,2,1
117,yes,no,0,198.4,121,33.73,249.5,104,21.21,162.8,115,7.33,10.5,5,2.84,1,0
60,no,no,0,180.3,67,30.65,208,68,17.68,181.2,101,8.15,12.8,6,3.46,2,0
62,no,no,0,86.3,84,14.67,238.7,99,20.29,238.4,79,10.73,12.5,1,3.38,2,0
131,no,no,0,240.9,108,40.95,167.4,91,14.23,322.2,109,14.5,14.7,8,3.97,3,0
65,no,no,0,207.7,109,35.31,217.5,117,18.49,125.6,111,5.65,8,5,2.16,1,0
120,no,yes,27,128.5,115,21.85,163.7,91,13.91,242.9,121,10.93,0,0,0,1,0
142,no,yes,22,224.4,114,38.15,146,106,12.41,241.4,98,10.86,8.8,2,2.38,1,0
134,no,no,0,164.9,115,28.03,126.5,96,10.75,238.5,125,10.73,10,9,2.7,2,0
87,no,no,0,238,97,40.46,164.5,97,13.98,282.5,132,12.71,10.6,6,2.86,2,0
99,no,yes,31,244.1,71,41.5,203.4,58,17.29,234,115,10.53,7.7,4,2.08,3,0
48,no,yes,27,141.1,109,23.99,224.7,94,19.1,174.3,122,7.84,13.2,2,3.56,1,0
106,no,yes,30,220.1,105,37.42,222.2,109,18.89,158.4,96,7.13,13.1,8,3.54,0,0
119,yes,yes,22,172.1,119,29.26,223.6,133,19.01,150,94,6.75,13.9,20,3.75,1,1
114,no,no,0,203.8,85,34.65,87.8,110,7.46,166.2,122,7.48,11.7,4,3.16,1,0
116,no,no,0,51.1,106,8.69,208.6,137,17.73,198,92,8.91,12.3,3,3.32,1,0
83,no,no,0,78.1,70,13.28,239.3,115,20.34,144.4,112,6.5,12.3,4,3.32,1,0
73,no,no,0,187.8,95,31.93,149.2,143,12.68,201.4,113,9.06,11,4,2.97,2,0
114,no,yes,26,137.1,88,23.31,155.7,125,13.23,247.6,94,11.14,11.5,7,3.11,2,0
71,yes,no,0,186.1,114,31.64,198.6,140,16.88,206.5,80,9.29,13.8,5,3.73,4,1
58,no,yes,22,224.1,127,38.1,238.8,85,20.3,174.2,86,7.84,11.5,7,3.11,2,0
100,yes,no,0,219.4,112,37.3,225.7,102,19.18,255.3,95,11.49,12,4,3.24,4,0
94,no,no,0,190.4,91,32.37,92,107,7.82,224.8,108,10.12,13.6,17,3.67,2,0
128,no,no,0,147.7,94,25.11,283.3,83,24.08,188.3,124,8.47,6.9,5,1.86,2,0
181,no,no,0,229.9,130,39.08,144.4,93,12.27,262.4,110,11.81,14.2,4,3.83,2,0
127,no,no,0,102.8,128,17.48,143.7,95,12.21,191.4,97,8.61,10,5,2.7,1,0
89,no,no,0,178.7,81,30.38,233.7,74,19.86,131.9,120,5.94,9.1,4,2.46,1,0
149,no,yes,18,148.5,106,25.25,114.5,106,9.73,178.3,98,8.02,6.5,4,1.76,0,0
163,yes,no,0,197.2,90,33.52,188.5,113,16.02,211.1,94,9.5,7.8,8,2.11,1,0
89,no,no,0,115.4,99,19.62,209.9,115,17.84,280.9,112,12.64,15.9,6,4.29,3,0
122,yes,no,0,140,101,23.8,196.4,77,16.69,120.1,133,5.4,9.7,4,2.62,4,1
60,no,no,0,193.9,118,32.96,85,110,7.23,210.1,134,9.45,13.2,8,3.56,3,0
117,no,no,0,118.4,126,20.13,249.3,97,21.19,227,56,10.22,13.6,3,3.67,5,1
78,no,no,0,193.4,99,32.88,116.9,88,9.94,243.3,109,10.95,9.3,4,2.51,2,0
192,no,yes,36,156.2,77,26.55,215.5,126,18.32,279.1,83,12.56,9.9,6,2.67,2,0
28,no,no,0,180.8,109,30.74,288.8,58,24.55,191.9,91,8.64,14.1,6,3.81,2,0
184,yes,no,0,213.8,105,36.35,159.6,84,13.57,139.2,137,6.26,5,10,1.35,2,0
